x,uextbe1,uapxbe1,ebe1,uextbe8,uapxbe8,ebe8,uextbe64,uapxbe64,ebe64
0.00497512437810945,0.00290262096489505,0.00290261749543315,3.46946212557986e-09,1.36255841374147e-05,1.36130270423605e-05,1.25570952762729e-08,6.01328150404251e-29,3.5073634385017e-29,2.22044604925056e-16
0.00995024875621891,0.00581971881239804,0.00581971188610537,6.92629289252705e-09,2.78044169732444e-05,2.77788673656291e-05,2.55496078373811e-08,1.4281165134804e-28,8.34295918507504e-29,2.22044604925091e-16
0.0149253731343284,0.00875136574626272,0.00875135537598293,1.03702800114541e-08,4.25589624341149e-05,4.25199702400963e-05,3.89921942406626e-08,2.5648984799634e-28,1.50097864569779e-28,2.22044604925138e-16
0.0199004975124378,0.0116976343303611,0.0116976205291517,1.3801209647335e-08,5.79125965644773e-05,5.7859696581547e-05,5.28999831522783e-08,4.12790214212544e-28,2.42013293821458e-28,2.22044604925202e-16
0.0248756218905473,0.0146585974904784,0.014658580271613,1.72188655989808e-08,7.38896445619367e-05,7.38223559723968e-05,6.72885897619622e-08,6.27693381219148e-28,3.68736932967264e-28,2.2204460492529e-16
0.0298507462686567,0.0176343285161192,0.0176343078930891,2.06230302800259e-08,9.0515419316353e-05,9.04332451862252e-05,8.21741303498862e-08,9.23171711228848e-28,5.43450589304381e-28,2.22044604925411e-16
0.0348258706467662,0.0206249010623208,0.0206248770488369,2.40134840588657e-08,0.000107816261513769,0.000107718688276757,9.7573237233759e-08,1.32943581948482e-27,7.84327997153778e-28,2.22044604925576e-16
0.0398009950248756,0.0236303891514767,0.0236303617614712,2.73900056420306e-08,0.000125819581368706,0.000125706078294824,1.13503074104148e-07,1.88802340068442e-27,1.11642525176271e-27,2.22044604925803e-16
0.0447761194029851,0.0266508671751681,0.026650836422797,3.07523713473368e-08,0.000144553902050942,0.000144423920699411,1.29981351753764e-07,2.65604617092095e-27,1.57428714717029e-27,2.22044604926113e-16
0.0497512437810945,0.0296864098960068,0.0296863757956506,3.4100356396255e-08,0.000164048904875582,0.000163901878531595,1.47026344208672e-07,3.71202914557828e-27,2.20554052959613e-27,2.22044604926538e-16
0.054726368159204,0.0327370924494836,0.0327370550157503,3.74337334532737e-08,0.000184335476327999,0.000184170819422954,1.64656905266627e-07,5.16393927894934e-27,3.0758484473785e-27,2.22044604927119e-16
0.0597014925373134,0.0358029903458296,0.0358029495935563,4.07522735626498e-08,0.000205445756998176,0.000205262864512948,1.82892485450634e-07,7.16022433844062e-27,4.27574042869975e-27,2.22044604927916e-16
0.0646766169154229,0.0388841794718849,0.0388841354161394,4.40557457251356e-08,0.000227413192501949,0.000227211439352788,2.01753149382887e-07,9.90499066188746e-27,5.9300293733616e-27,2.22044604929006e-16
0.0696517412935323,0.0419807360929766,0.0419806887490595,4.73439173004353e-08,0.000250272586469844,0.00025005132687648,2.21259593586112e-07,1.36788716186721e-26,8.21079460475929e-27,2.22044604930499e-16
0.0746268656716418,0.0450927368548067,0.0450926862382535,5.06165534069902e-08,0.000274060155687457,0.000273818722522962,2.41433164717419e-07,1.88677204304343e-26,1.13552815805916e-26,2.22044604932544e-16
0.0796019900497512,0.0482202587853492,0.0482202049119323,5.38734171301458e-08,0.000298813587474732,0.000298551291596712,2.62295878241563e-07,2.60020609938061e-26,1.56905801922421e-26,2.22044604935343e-16
0.0845771144278607,0.051363379296757,0.0513633221824873,5.71142699246074e-08,0.000324572099395048,0.000324288228957721,2.83870437549415e-07,3.58113302788921e-26,2.16676486923283e-26,2.22044604939175e-16
0.0895522388059702,0.0545221761872774,0.0545221158484067,6.03388708789177e-08,0.000351376501388723,0.000351070321135421,3.06180253524285e-07,4.92984582135101e-26,2.99082224232163e-26,2.22044604944422e-16
0.0945273631840796,0.0576967276431782,0.057696664096201,6.35469774717956e-08,0.000379269260429349,0.000378940010965007,3.29249464564487e-07,6.78424103304449e-26,4.12694867977542e-26,2.22044604951604e-16
0.0995024875621891,0.0608871122406829,0.0608870455023384,6.67383447464087e-08,0.000408294567805431,0.000407941464848586,3.53102957066404e-07,9.3339177454046e-26,5.69332418230047e-26,2.22044604961437e-16
0.104477611940299,0.0640934089479157,0.0640933390351897,6.99127261777344e-08,0.000438498409133889,0.000438120642747743,3.77766386368402e-07,1.28395627646315e-25,7.85288330708353e-26,2.22044604974898e-16
0.109452736318408,0.0673156971268554,0.0673156240569829,7.30698727219314e-08,0.000469928637216382,0.000469525371018438,4.0326619816513e-07,1.7659604043298e-25,1.0830263638885e-25,2.22044604993325e-16
0.114427860696517,0.0705540565353009,0.0705539803257676,7.62095335171686e-08,0.00050263504785385,0.00050220541820368,4.29629650391646e-07,2.42868574590395e-25,1.49351726170492e-25,2.22044605018548e-16
0.119402985074627,0.0738085673288446,0.0738084879973891,7.93314556962743e-08,0.000536669458739419,0.000536212573904059,4.56884835582216e-07,3.33989138289403e-25,2.05946033384235e-25,2.22044605053074e-16
0.124378109452736,0.0770793100628566,0.0770792276274726,8.24353842271419e-08,0.000572085791554636,0.000571600730851153,4.85060703705239e-07,4.59274178832794e-25,2.83972504276555e-25,2.22044605100333e-16
0.129353233830846,0.0803663656944786,0.0803662801734169,8.55210619266078e-08,0.00060894015739912,0.000608425970313866,5.14187085476413e-07,6.31533224944575e-25,3.91547461187269e-25,2.22044605165017e-16
0.134328358208955,0.0836698155846276,0.0836697269963982,8.85882295714735e-08,0.000647290945688964,0.000646746650973034,5.44294716152416e-07,8.68378572470837e-25,5.39860863318608e-25,2.22044605253549e-16
0.139303482587065,0.0869897415000099,0.0869896498633845,9.16366256070722e-08,0.000687198916664744,0.000686623501405163,5.75415259803052e-07,1.19402601979522e-24,7.44340287558856e-25,2.22044605374717e-16
0.144278606965174,0.0903262256151451,0.0903261309491587,9.46659866052357e-08,0.000728727297655689,0.000728119716321846,6.07581334064887e-07,1.6417707657085e-24,1.02625570677766e-24,2.22044605540546e-16
0.149253731343284,0.0936793505144,0.0936792528383532,9.7676046972861e-08,0.000771941883252529,0.000771301056717379,6.40826535371931e-07,2.25739161316213e-24,1.41493199481305e-24,2.22044605767491e-16
0.154228855721393,0.0970491991940323,0.0970490985274939,1.00666538632721e-07,0.000816911139547731,0.000816235954083289,6.75185464664137e-07,3.10383153519065e-24,1.95079930316954e-24,2.22044606078064e-16
0.159203980099502,0.100435855064245,0.100435751427054,1.03637191550821e-07,0.00086370631260827,0.000862995618854921,7.10693753570987e-07,4.26763315849034e-24,2.68959860995689e-24,2.22044606503066e-16
0.164179104477612,0.103839401951253,0.10383929536352,1.06587733431085e-07,0.000912401541352789,0.000911654153261949,7.47388091061943e-07,5.86778714833174e-24,3.70817990274654e-24,2.22044607084639e-16
0.169154228855721,0.107259924099354,0.107259814581464,1.09517889937405e-07,0.000963073975011991,0.000962288668761648,7.85306250564838e-07,8.06789818095402e-24,5.11249612298317e-24,2.22044607880433e-16
0.174129353233831,0.110697506173017,0.110697393745633,1.12427384221792e-07,0.00101580389535835,0.00101497940824103,8.24487117542013e-07,1.1092912389959e-23,7.04862440295437e-24,2.22044608969319e-16
0.17910447761194,0.114152233258976,0.114152117943039,1.15315937201932e-07,0.0010706748438988,0.00106980987318151,8.64970717516511e-07,1.5252116552385e-23,9.71796102563656e-24,2.22044610459187e-16
0.18407960199005,0.117624190868339,0.117624072685071,1.18183267630578e-07,0.00112777375423191,0.00112686695598758,9.06798244545504e-07,2.09707605221375e-23,1.33981706888611e-23,2.22044612497621e-16
0.189054726368159,0.121113464938699,0.121113343909607,1.21029092067793e-07,0.00118719108977924,0.00118624107768934,9.50012090119917e-07,2.88335360858433e-23,1.84720692186323e-23,2.22044615286498e-16
0.194029850746269,0.124620141836267,0.124620017983143,1.23853124617268e-07,0.00124902098710912,0.00124802633123685,9.94655872487869e-07,3.96443576533704e-23,2.54674441147073e-23,2.22044619101945e-16
0.199004975124378,0.128144308358008,0.128144181702931,1.26655077148374e-07,0.00131336140507987,0.00131232063061371,1.04077446638458e-06,5.45085569450802e-23,3.51119550661006e-23,2.22044624321633e-16
0.203980099502488,0.131686051733786,0.131685922299127,1.29434659101868e-07,0.0013803142800388,0.00137922586600587,1.08841403315498e-06,7.49458955139938e-23,4.8408825194353e-23,2.22044631462102e-16
0.208955223880597,0.135245459628527,0.13524532743695,1.3219157757316e-07,0.00144998568732284,0.00144884806527182,1.13762205125015e-06,1.03045949851489e-22,6.67411964362631e-23,2.22044641229785e-16
0.213930348258706,0.138822620144389,0.138822485218852,1.34925537492725e-07,0.00152248600931674,0.00152129756196989,1.18844734707546e-06,1.41681756128694e-22,9.20160041248136e-23,2.22044654590783e-16
0.218905472636816,0.142417621822939,0.142417484186698,1.37636241209771e-07,0.00159793011033495,0.001596689170209,1.24094012617939e-06,1.94803558270475e-22,1.26862336618496e-22,2.22044672866253e-16
0.223880597014925,0.146030553647348,0.14603041332396,1.40323388631014e-07,0.00167643751860447,0.00167514236659995,1.2951520047468e-06,2.67842693070553e-22,1.7490491337014e-22,2.22044697862811e-16
0.228855721393035,0.149661505044594,0.149661362057917,1.42986677498236e-07,0.00175813261563677,0.00175678147959561,1.35113604137773e-06,3.6826690680686e-22,2.41141128654952e-22,2.22044732050809e-16
0.233830845771144,0.153310565887671,0.153310420261868,1.45625802971949e-07,0.00184314483328893,0.00184173588652003,1.40894676912019e-06,5.06343880639587e-22,3.32460881089041e-22,2.22044778808031e-16
0.238805970149254,0.156977826497818,0.156977678257361,1.48240457603643e-07,0.00193160885882625,0.00193014021859874,1.46864022773164e-06,6.96191029982125e-22,4.58363261663851e-22,2.220448427528e-16
0.243781094527363,0.160663377646753,0.160663226816421,1.50830331835383e-07,0.00202366484831106,0.00202213457431516,1.53027399611835e-06,9.5721891256848e-22,6.31944650266991e-22,2.22044930199294e-16
0.248756218905473,0.16436731055892,0.164367157163807,1.53395113305921e-07,0.00211945864865595,0.00211786474143124,1.59390722493389e-06,1.31611582370713e-21,8.71261002601497e-22,2.22045049779852e-16
0.253731343283582,0.168089716913746,0.168089560979259,1.55934487405807e-07,0.00221914202869317,0.00221748242802411,1.65960066928492e-06,1.80957648985743e-21,1.20120603274315e-21,2.22045213295488e-16
0.258706467661692,0.171830688847912,0.171830530399776,1.584481368333e-07,0.0023228729196263,0.00232114550290502,1.7274167215006e-06,2.48805385057071e-21,1.65610066009822e-21,2.22045436878222e-16
0.263681592039801,0.175590318957633,0.175590158021891,1.60935741677637e-07,0.00243081566524509,0.00242901824580139,1.79741944391883e-06,3.42091752254622e-21,2.28326307532739e-21,2.22045742579479e-16
0.26865671641791,0.179368700300947,0.179368536903967,1.63396979835362e-07,0.00254314128230005,0.00254127160769864,1.8696746016348e-06,4.70354636306755e-21,3.14793078389779e-21,2.22046160540611e-16
0.27363184079602,0.183165926400024,0.183165760568498,1.65831526510729e-07,0.00266002773144908,0.00265808348175415,1.94424969515196e-06,6.46708029836722e-21,4.3400466187907e-21,2.22046731958711e-16
0.278606965174129,0.186982091243476,0.186981923004422,1.68239053827124e-07,0.00278166019920559,0.00277963898521292,2.02121399288597e-06,8.8918284739107e-21,5.98361460417561e-21,2.22047513138901e-16
0.283582089552239,0.190817289288685,0.190817118669454,1.70619232020552e-07,0.00290823139133477,0.00290613075277155,2.10063856344138e-06,1.22257046172141e-20,8.24959886804947e-21,2.2204858103078e-16
0.288557213930348,0.194671615464143,0.194671442492415,1.72971728329419e-07,0.00303994183816277,0.0030377592418554,2.18259630758522e-06,1.6809574501515e-20,1.13737073501951e-20,2.22050040792183e-16
0.293532338308458,0.198545165171798,0.198544989875591,1.75296207438613e-07,0.00317700021228257,0.00317473305029291,2.26716198987575e-06,2.31121071131138e-20,1.56809101687746e-20,2.22052036121976e-16
0.298507462686567,0.202438034289418,0.202437856697087,1.77592331174203e-07,0.0033196236591599,0.00331726924689032,2.35441226980118e-06,3.17776928131592e-20,2.16192430488279e-20,2.22054763374796e-16
0.303482587064677,0.206350319172963,0.206350139313204,1.79859759114054e-07,0.00346803814116297,0.00346559371543077,2.44442573241405e-06,4.3692327794442e-20,2.98064120491381e-20,2.22058490840777e-16
0.308457711442786,0.210282116658971,0.210281934560823,1.8209814769965e-07,0.00362247879556099,0.00361994151264292,2.53728291829593e-06,6.00742010631427e-20,4.10940474164298e-20,2.22063585078678e-16
0.313432835820895,0.214233524066952,0.214233339759802,1.84307150985497e-07,0.0037831903070589,0.00378055724070632,2.63306635279797e-06,8.25982458377711e-20,5.66562902600922e-20,2.22070546880609e-16
0.318407960199005,0.218204639201804,0.218204452715384,1.86486420250542e-07,0.00395042729545818,0.00394769543488397,2.73186057443177e-06,1.13567389884245e-19,7.81119268433664e-20,2.22080060388072e-16
0.323383084577114,0.222195560356223,0.222195371720619,1.8863560366511e-07,0.00412445471905831,0.00412162096689625,2.83375216228194e-06,1.56148013949225e-19,1.07692774913798e-19,2.22093060164067e-16
0.328358208955224,0.226206386313146,0.226206195558799,1.90754347179078e-07,0.00430554829443764,0.00430260946467553,2.93882976233791e-06,2.14693692287714e-19,1.4847583763812e-19,2.22110822779681e-16
0.333333333333333,0.23023721634819,0.230237023505897,1.92842293522677e-07,0.00449399493327903,0.00449094774916665,3.04718411259838e-06,2.95190315514353e-19,2.04703373820174e-19,2.22135091866725e-16
0.338308457711443,0.234288150232113,0.234287955333031,1.94899082789357e-07,0.0046900931969321,0.00468693428886554,3.1589080667898e-06,4.05868106510779e-19,2.82224178142177e-19,2.221682488534e-16
0.343283582089552,0.23835928823328,0.238359091308928,1.96924352602323e-07,0.00489415376943252,0.00489087967281615,3.27409661659075e-06,5.58043103781908e-19,3.89101973450028e-19,2.22213546055363e-16
0.348258706467662,0.242450731120148,0.242450532202411,1.98917736921045e-07,0.00510649994972744,0.00510310710281553,3.39284691213988e-06,7.67274148113244e-19,5.36454200117065e-19,2.22275424873027e-16
0.353233830845771,0.246562580163756,0.246562379284889,2.00878867345766e-07,0.00532746816388725,0.00532395290560675,3.51525828071707e-06,1.0549536664114e-18,7.39608453450909e-19,2.22359950137992e-16
0.358208955223881,0.250694937140238,0.250694734332865,2.02807372784442e-07,0.00555740849811487,0.00555376706587173,3.6414322433561e-06,1.4504948993711e-18,1.01969686189343e-18,2.22475402962509e-16
0.36318407960199,0.254847904333336,0.254847699630458,2.04702878980889e-07,0.00579668525339729,0.00579291378086829,3.77147252922025e-06,1.99433920186719e-18,1.40585425341477e-18,2.22633089873484e-16
0.368159203980099,0.259021584536937,0.259021377971928,2.06565008875614e-07,0.00604567752267793,0.00604177203759059,3.90548508755629e-06,2.74209089173363e-18,1.93824876361875e-18,2.22848447053146e-16
0.373134328358209,0.263216081057611,0.263215872664229,2.08393382050698e-07,0.00630477979146432,0.00630073621336761,4.04357809693275e-06,3.77020240661361e-18,2.67226012975797e-18,2.23142547201887e-16
0.378109452736318,0.267431497717174,0.267431287529559,2.10187615645729e-07,0.0065744025628227,0.00657021670085131,4.18586197161244e-06,5.18379103684139e-18,3.68424029727535e-18,2.23544155664597e-16
0.383084577114428,0.271667938855256,0.271667726907933,2.11947323747186e-07,0.00685497300774962,0.00685064055838511,4.33244936473131e-06,7.12738644121983e-18,5.07945555781706e-18,2.24092535808434e-16
0.388059701492537,0.275925509331882,0.275925295659765,2.13672117277408e-07,0.00714693564195107,0.00714245218678323,4.48345516806427e-06,9.7997078048348e-18,7.00303636081244e-18,2.24841276369054e-16
0.393034825870647,0.280204314530068,0.280204099168464,2.15361604050113e-07,0.00745075303010133,0.00744611403359345,4.63899650809865e-06,1.34739815010709e-17,9.65507379926169e-18,2.25863512626841e-16
0.398009950248756,0.28450446035843,0.284504243343041,2.17015389214481e-07,0.00776690651869725,0.00776210732595942,4.79919273804405e-06,1.85258765982197e-17,1.33114331078929e-17,2.27259048415358e-16
0.402985074626866,0.288826053253809,0.288825834620734,2.18633074422492e-07,0.00809589699866917,0.00809093283324381,4.96416542558262e-06,2.54719144229849e-17,1.83524491961241e-17,2.29164070151892e-16
0.407960199004975,0.293169200183896,0.293168979969638,2.20214258550566e-07,0.00843824569895663,0.00843311166062096,5.13403833588694e-06,3.50222792930512e-17,2.53024891284192e-17,2.31764395089663e-16
0.412935323383085,0.29753400864989,0.297533786891354,2.21758537088945e-07,0.00879449501230609,0.00878918607489668,5.30893740963677e-06,4.81534299507972e-17,3.48844968457255e-17,2.35313538030103e-16
0.417910447761194,0.301920586689154,0.301920363423652,2.23265502752312e-07,0.00916520935459922,0.0091597203638638,5.4889907356373e-06,6.62079357149555e-17,4.80951938760944e-17,2.40157346763892e-16
0.422885572139303,0.306329042877888,0.306328818143143,2.24734744813659e-07,0.00955097605907284,0.00954530173055547,5.67432851759399e-06,9.10317449060969e-17,6.63087584209226e-17,2.46767591410206e-16
0.427860696517413,0.310759486333818,0.310759260167969,2.26165849603888e-07,0.00995240630684778,0.00994654122381331,5.86508303469097e-06,1.25162920292882e-16,9.14197675271059e-17,2.55787757690807e-16
0.432835820895522,0.315212026718899,0.315211799160499,2.27558400123229e-07,0.0103701360952403,0.0103640747066451,6.06138859542832e-06,1.72091138452857e-16,1.26040271206045e-16,2.68095472171843e-16
0.437810945273632,0.319686774242025,0.31968654533005,2.28911976096757e-07,0.0108048272453907,0.0107985638639065,6.26338148434526e-06,2.36614485062328e-16,1.73771498171683e-16,2.84887591815676e-16
0.442786069651741,0.324183839661762,0.324183609435608,2.30226154196433e-07,0.0112571684508053,0.0112506972509045,6.47119990102203e-06,3.25330025965537e-16,2.39578456059219e-16,3.0779617483135e-16
0.447761194029851,0.328703334289083,0.328703102788575,2.31500507597016e-07,0.0117278763684733,0.0117211913845826,6.68498389087835e-06,4.47308311521384e-16,3.3030639208168e-16,3.39046524364735e-16
0.45273631840796,0.333245369990129,0.333245137255523,2.32734606586682e-07,0.0122176967542863,0.0122107918790192,6.90487526724091e-06,6.15020777631206e-16,4.5539283642034e-16,3.81672546135897e-16
0.45771144278607,0.337810059188976,0.337809825260959,2.33928017900897e-07,0.0127274056445608,0.012720274627037,7.13101752396368e-06,8.45614863787298e-16,6.27849295183108e-16,4.39810173529222e-16
0.462686567164179,0.342397514870417,0.342397279790113,2.35080304888946e-07,0.0132578105855345,0.0132504470297967,7.36355573810292e-06,1.16266722014192e-15,8.65614708743609e-16,5.19097116323343e-16
0.467661691542289,0.347007850582758,0.347007614391731,2.36191027680466e-07,0.0138097519127848,0.0138021492763232,7.60263646188211e-06,1.59859425689158e-15,1.19342146235069e-15,6.27217399465917e-16
0.472636815920398,0.351641180440631,0.351640943180889,2.37259742907892e-07,0.0143841040825959,0.0143762556749929,7.84840760325103e-06,2.19796649797589e-15,1.6453680516433e-15,7.74643051257624e-16
0.477611940298507,0.356297619127816,0.356297380841813,2.38286004039523e-07,0.014981777057385,0.0149736760390908,8.10101829440586e-06,3.02206560882949e-15,2.26846601202896e-15,9.75644201725564e-16
0.482587064676617,0.360977281900082,0.360977042630721,2.39269360879923e-07,0.0156037177473814,0.0155953571286344,8.36061874725201e-06,4.15515002275074e-15,3.12753006392162e-15,1.24966456375416e-15
0.487562189054726,0.365680284588037,0.365680044378677,2.40209359902988e-07,0.0162509115108432,0.0162422841507482,8.62736009525286e-06,5.71306978284056e-15,4.31192014730025e-15,1.62319424046534e-15
0.492537313432836,0.370406743599997,0.370406502494453,2.41105544473985e-07,0.0169243837151885,0.0169154823209682,8.90139422056804e-06,7.85511140750545e-15,5.94483665278677e-15,2.13231935964371e-15
0.497512437810945,0.375156775924868,0.375156533967415,2.4195745379485e-07,0.0176252013615138,0.0176160184879484,9.1828735656295e-06,1.08002838350844e-14,8.19613574023269e-15,2.82619269977672e-15
0.502487562189055,0.37993049913504,0.379930256370416,2.42764624236447e-07,0.0183544747750741,0.018345002824146,9.4719509282741e-06,1.48497105727784e-14,1.12999977957055e-14,3.77175738199793e-15
0.507462686567164,0.384728031389297,0.38472778786271,2.43526587895282e-07,0.0191133593644028,0.0191035905851639,9.76877923914571e-06,2.04174174922099e-14,1.55792869017715e-14,5.06017519536346e-15
0.512437810945274,0.389549491435744,0.38954924719287,2.44242874203326e-07,0.0199030574518583,0.0198929839405378,1.00735113206518e-05,2.80726641107324e-14,2.14791351959335e-14,6.81557351972395e-15
0.517412935323383,0.394394998614742,0.394394753701734,2.44913008540237e-07,0.0207248201784969,0.0207144338788711,1.03862996259536e-05,3.85981464391709e-14,2.96132455659912e-14,9.20694547810479e-15
0.522388059701492,0.399264672861867,0.399264427325355,2.45536512455402e-07,0.0215799494862914,0.0215692421903347,1.0707295956907e-05,5.30700222345514e-14,4.08277290939405e-14,1.24643377455359e-14
0.527363184079602,0.404158634710876,0.404158388597972,2.46112904500606e-07,0.0224698001808348,0.022458763529675,1.10366511600346e-05,7.2967940686333e-14,5.62891176265571e-14,1.6900867664701e-14
0.532338308457711,0.40907700529669,0.409076758654991,2.46641698786743e-07,0.0233957820777967,0.0233844075629986,1.1374514798327e-05,1.00326326310407e-13,7.76057065502237e-14,2.29426643651086e-14
0.537313432835821,0.414019906358391,0.414019659235985,2.47122406260569e-07,0.0243593622365346,0.0243476412017364,1.17210347985001e-05,1.37942384782521e-13,1.06994849859184e-13,3.11695795282618e-14
0.54228855721393,0.418987460242242,0.418987212687708,2.47554534482664e-07,0.0253620672843977,0.0253499909273264,1.20763570714416e-05,1.89662097868676e-13,1.47513609569171e-13,4.23705329044301e-14
0.54726368159204,0.423979789904706,0.42397954196712,2.47937586295155e-07,0.0264054858354051,0.0263930452103009,1.24406251044672e-05,2.60773448455741e-13,2.03376751654538e-13,5.76187414061288e-14
0.552238805970149,0.428997018915496,0.428996770644434,2.48271062097682e-07,0.0274912710071333,0.0274784570276093,1.28139795241879e-05,3.58547080221511e-13,2.80395166482292e-13,7.8373958344144e-14
0.557213930348259,0.434039271460631,0.434039022906173,2.48554457515926e-07,0.0286211430397959,0.0286079464821689,1.31965576272292e-05,4.92979670655343e-13,3.86580318286236e-13,1.06621396974031e-13
0.562189054726368,0.43910667234551,0.439106423558246,2.48787264678363e-07,0.0297968920216698,0.0297833035287918,1.35884928782054e-05,6.77816022178473e-13,5.32977598583983e-13,1.45060468199415e-13
0.567164179104478,0.444199346998004,0.444199098029032,2.48968971994223e-07,0.0310203807251823,0.0310063908108105,1.39899143720146e-05,9.31954373110562e-13,7.34815269053657e-13,1.9736114866183e-13
0.572139303482587,0.449317421471553,0.44931717237249,2.4909906365389e-07,0.0322935475581546,0.032279146611896,1.44009462588052e-05,1.28137861180743e-12,1.01308850703847e-12,2.68512149373885e-13
0.577114427860697,0.454461022448298,0.454460773271277,2.49177020683611e-07,0.033618409634876,0.0336035879277464,1.48217071298182e-05,1.76181494949944e-12,1.39674332627198e-12,3.6529366783239e-13
0.582089552238806,0.459630277242203,0.459630028039884,2.49202319557718e-07,0.0349970659718753,0.0349818136625146,1.52523093608498e-05,2.42238467825009e-12,1.92568754450515e-12,4.96919178349865e-13
0.587064676616915,0.464825313802218,0.464825064627785,2.49174432975785e-07,0.0364317008134519,0.0364160079550399,1.56928584122071e-05,3.33062648326828e-12,2.654941999229e-12,6.75906528644205e-13
0.592039800995025,0.470046260715439,0.470046011622609,2.49092830140185e-07,0.0379245870922366,0.037908443640155,1.61434520817641e-05,4.5794018062654e-12,3.66036382142223e-12,9.19260029448093e-13
0.597014925373134,0.475293247210292,0.475292998253317,2.48956975701375e-07,0.0394780900302624,0.039461485850554,1.6604179708557e-05,6.2963892854921e-12,5.04653710290757e-12,1.25007422718946e-12
0.601990049751244,0.480566403159735,0.480566154393405,2.48766330424033e-07,0.0410946708862533,0.0410775957649287,1.70751213248652e-05,8.6571390132701e-12,6.95765174542878e-12,1.69970931244624e-12
0.606965174129353,0.485865859084468,0.485865610564117,2.48520351409098e-07,0.0427768908550661,0.0427593345083134,1.75563467528853e-05,1.1903021318547e-11,9.59250211056157e-12,2.31074125259032e-12
0.611940298507463,0.491191746156166,0.491191497937675,2.48218491150087e-07,0.0445274151254638,0.0445093672108204,1.80479146436666e-05,1.63659052133282e-11,1.3225165631721e-11,3.14096162621209e-12
0.616915422885572,0.496544196200727,0.496543948340528,2.47860198698824e-07,0.0463490171026501,0.0463304672311956,1.85498714546997e-05,2.25020897034182e-11,1.82335123798283e-11,4.26879936819482e-12
0.621890547263682,0.50192334170153,0.501923094256612,2.47444918222151e-07,0.0482445828022533,0.0482255205518907,1.9062250362821e-05,3.09389572052708e-11,2.51385111508876e-11,5.80066809898808e-12
0.626865671641791,0.507329315802722,0.507329068830632,2.46972090556241e-07,0.0502171154227231,0.050197530352614,1.95850701093098e-05,4.2539119058092e-11,3.46584206991527e-11,7.88092040354424e-12
0.631840796019901,0.512762252312506,0.512762005871355,2.46441151707799e-07,0.0522697401033828,0.0522496217696104,2.01183337726341e-05,5.8488611566076e-11,4.77835030940981e-11,1.07053305165828e-11
0.63681592039801,0.518222285706458,0.518222039854924,2.4585153390877e-07,0.054405708875676,0.0543850468482107,2.06620274655969e-05,8.04181600059856e-11,6.58790308930466e-11,1.4539351157544e-11
0.641791044776119,0.523709551130853,0.523709305928187,2.45202665505317e-07,0.0566284058154525,0.0566071896965003,2.12161189524565e-05,1.10569909006001e-10,9.08273029472181e-11,1.97428281033878e-11
0.646766169154229,0.529224184406009,0.52922393991204,2.44493969403514e-07,0.0589413524044551,0.0589195718482738,2.17805561815235e-05,1.52026666323692e-10,1.25223441341431e-10,2.68034470268658e-11
0.651741293532338,0.534766322029655,0.53476607830479,2.43724865289785e-07,0.0613482131095031,0.0613258578437741,2.23552657292597e-05,2.09027098613609e-10,1.72645336287298e-10,3.63819843709156e-11
0.656716417910448,0.540336101180301,0.540335858285533,2.42894768076596e-07,0.0638528011882113,0.0638298610370613,2.29401511502442e-05,2.87399105771317e-10,2.38025818668287e-10,4.93735091476349e-11
0.661691542288557,0.545933659720641,0.545933417717552,2.42003088568588e-07,0.0664590847304413,0.0664355496392129,2.35350912286686e-05,3.95155683382647e-10,3.28165773666928e-10,6.69901317603237e-11
0.666666666666667,0.551559136200959,0.551558895151726,2.41049233240531e-07,0.0691711929450596,0.0691470530069341,2.41399381257085e-05,5.4331419609167e-10,4.524415696118e-10,9.08728485244744e-11
0.671641791044776,0.557212669862564,0.557212429829961,2.40032603793239e-07,0.0719934227019592,0.0719686681865424,2.47545154170026e-05,7.47022826921837e-10,6.23780388873074e-10,1.23242660093368e-10
0.676616915422886,0.562894400641233,0.562894161688635,2.38952597708675e-07,0.0749302453397135,0.0749048667236984,2.53786160153285e-05,1.02710937420111e-09,8.60004914836841e-10,1.67104681408872e-10
0.681592039800995,0.568604469170675,0.568604231362067,2.37808608583023e-07,0.0779863137496436,0.0779603017496728,2.60119999709735e-05,1.41221074986263e-09,1.18568724944961e-09,2.26523722457629e-10
0.686567164179104,0.574343016786013,0.574342780185989,2.36600024683398e-07,0.0811664697475266,0.0811398153553823,2.66543921444984e-05,1.94170090559128e-09,1.63470490604591e-09,3.06996221589971e-10
0.691542288557214,0.580110185527283,0.580109950201052,2.35326230502153e-07,0.0844757517446213,0.0844484462648769,2.73054797445549e-05,2.66971654701024e-09,2.25376475212247e-09,4.15952016932376e-10
0.696517412935323,0.585906118142946,0.585905884156341,2.33986605091552e-07,0.0879194027301655,0.0878914378204424,2.79649097233436e-05,3.670692237335e-09,3.10726146298542e-09,5.63430996394184e-10
0.701492537313433,0.591730958093426,0.591730725512903,2.32580523618076e-07,0.0915028785779935,0.09147424629197,2.86322860237054e-05,5.04697081655378e-09,4.28397586316925e-09,7.62995175429135e-10
0.706467661691542,0.597584849554659,0.597584618447303,2.31107356918336e-07,0.0952318566904303,0.0952025495237627,2.93071666678246e-05,6.93926724884968e-09,5.90630991786056e-09,1.03295755303372e-09
0.711442786069652,0.603467937421661,0.603467707855191,2.29566470055786e-07,0.0991122449931618,0.0990822559324809,2.99890606810932e-05,9.54105575427883e-09,8.14301899918053e-09,1.39803697714291e-09
0.716417910447761,0.609380367312114,0.609380139354889,2.27957225207298e-07,0.103150191295329,0.103119513870487,3.06774248419184e-05,1.31183512093944e-08,1.12267658391069e-08,1.89158559233209e-09
0.721393034825871,0.615322285569972,0.615322059290995,2.26278977999428e-07,0.107352093029675,0.107320721369428,3.13716602475533e-05,1.80369073281896e-08,1.54783221332065e-08,2.55858541702768e-09
0.72636815920398,0.621293839269084,0.621293614738003,2.24531080283974e-07,0.111724607388181,0.111692536279493,3.20711086884695e-05,2.47996124492172e-08,2.13399352487404e-08,3.45967742252142e-09
0.73134328358209,0.627295176216829,0.62729495350395,2.22712878805709e-07,0.116274661869243,0.116241886820424,3.27750488191281e-05,3.40979063894264e-08,2.94213308458965e-08,4.67657576557451e-09
0.736318407960199,0.633326444957782,0.633326224134066,2.20823716312601e-07,0.121009465253102,0.120975982560986,3.34826921156994e-05,4.68824753823436e-08,4.0563136610023e-08,6.31933899436518e-09
0.741293532338309,0.639387794777387,0.639387575914457,2.18862930112529e-07,0.125936519022922,0.125902325844313,3.41931786100591e-05,6.44604531689853e-08,5.59243244386707e-08,8.53612895235916e-09
0.746268656716418,0.64547937570565,0.645479158875798,2.16829852295319e-07,0.131063629249603,0.131028723677216,3.49055723872227e-05,8.862906638065e-08,7.71027668296466e-08,1.1526299773048e-08
0.751243781094527,0.651601338520856,0.651601123797045,2.14723810953998e-07,0.136398918959154,0.136363300102318,3.56188568361171e-05,1.21859388529479e-07,1.06301447759217e-07,1.55579409923066e-08
0.756218905472637,0.6577538347533,0.657753622209172,2.12544128408432e-07,0.141950841002241,0.141914509072602,3.63319296389775e-05,1.67548990181178e-07,1.46557617324838e-07,2.09913730783852e-08
0.761194029850746,0.663937016689038,0.663936806398915,2.10290122981682e-07,0.147728191446273,0.147691147848786,3.70435974869909e-05,2.30369317042334e-07,2.02058726844303e-07,2.83105904200762e-08
0.766169154228856,0.670151037373654,0.670150829412547,2.0796110755672e-07,0.153740123511263,0.153702370940754,3.77525705085591e-05,3.16743312968732e-07,2.7857800801611e-07,3.81653051746669e-08
0.771144278606965,0.676396050616053,0.676395845059663,2.05556389687445e-07,0.159996162071531,0.159957704615137,3.84574563941087e-05,4.35502121543255e-07,3.84075005134637e-07,5.14271166306634e-08
0.776119402985075,0.682672210992262,0.68267200791699,2.03075272042774e-07,0.166506218746238,0.166467061992033,3.91567542046556e-05,5.98788009416948e-07,5.29523527789173e-07,6.92644818498189e-08
0.781094527363184,0.688979673849261,0.688979473332209,2.00517052517668e-07,0.173280607602638,0.173240758754793,3.98488478446923e-05,8.23295829078754e-07,7.3005314778034e-07,9.32426815204587e-08
0.786069651741294,0.695318595308826,0.695318397427802,1.97881024011082e-07,0.180330061496952,0.180289529497767,4.05319991853004e-05,1.13197995203424e-06,1.00652297889242e-06,1.25456973363861e-07
0.791044776119403,0.701689132271393,0.70168893710492,1.95166473870856e-07,0.187665749078735,0.187624544737917,4.12043408180296e-05,1.55640119450292e-06,1.3876914442718e-06,1.68709750453163e-07
0.796019900497512,0.708091442419944,0.70809125004726,1.92372684226783e-07,0.195299292485682,0.195257428617261,4.18638684213657e-05,2.13995369255164e-06,1.91320773085994e-06,2.26745961913747e-07
0.800995024875622,0.714525684223905,0.714525494724973,1.89498932212651e-07,0.203242785756914,0.203200277324193,4.25084327214664e-05,2.94230165232427e-06,2.63773610230985e-06,3.04565550236455e-07
0.805970149253731,0.720992016943075,0.720991830398585,1.86544489855223e-07,0.211508813993903,0.211465678262878,4.31357310247404e-05,4.04547960238686e-06,3.63664208188282e-06,4.08837520726088e-07
0.810945273631841,0.727490600631562,0.727490417122938,1.83508623963213e-07,0.220110473299406,0.220066730001104,4.37432983020625e-05,5.56227985679169e-06,5.01383198271418e-06,5.48447874299548e-07
0.81592039800995,0.734021596141749,0.734021415751154,1.803905956832e-07,0.229061391525994,0.229017063028192,4.43284978020875e-05,7.6477847489372e-06,6.91256125427458e-06,7.35223494884662e-07
0.82089552238806,0.740585165128272,0.740584987938612,1.77189660388599e-07,0.238375749867041,0.238330861355872,4.48885111688779e-05,1.05152227273606e-05,9.53033593044957e-06,9.84886797133072e-07
0.825870646766169,0.747181470052024,0.747181296146955,1.73905068900915e-07,0.248068305324394,0.248022884996352,4.54203280424448e-05,1.44577694895723e-05,1.31394572295547e-05,1.31831226023964e-06
0.830845771144279,0.753810674184175,0.753810503648108,1.70536066934623e-07,0.258154414088307,0.258108493353196,4.59207351116708e-05,1.98785231690548e-05,1.81153463579068e-05,1.76317681136997e-06
0.835820895522388,0.760472941610212,0.760472774528319,1.67081893542864e-07,0.268650055866691,0.268603669562095,4.63863045960244e-05,2.73317183309398e-05,2.49755958662266e-05,2.35612246493528e-06
0.840796019900498,0.767168437234005,0.767168273692222,1.63541783226862e-07,0.279571859202212,0.279525045820086,4.6813382126587e-05,3.75793926223222e-05,3.44338096853893e-05,3.14558293715493e-06
0.845771144278607,0.773897326781881,0.773897166866917,1.59914964381613e-07,0.290937127817371,0.290889929743376,4.71980739951694e-05,5.16692998502035e-05,4.74738322881403e-05,4.19546756228527e-06
0.850746268656716,0.780659776806735,0.780659620606075,1.56200660517136e-07,0.302763868029275,0.302716331795531,4.75362337439833e-05,7.104203556032e-05,6.5452088302584e-05,5.5899472579581e-06
0.855721393034826,0.787455954692145,0.787455802294056,1.52398089148242e-07,0.315070817277558,0.3150229938295,4.78234480582596e-05,9.76783279662323e-05,9.02386779556335e-05,7.43965001082081e-06
0.860696517412935,0.794286028656519,0.794285880150058,1.48506462016584e-07,0.327877473810637,0.327829418788705,4.80550219316145e-05,0.00013430155370728,0.00012441190511043,9.88964859707268e-06
0.865671641791045,0.801150167757259,0.801150023232273,1.44524985534744e-07,0.341204127577341,0.341155901614275,4.82259630659732e-05,0.000184656184270732,0.000171526472726214,1.31297115447407e-05
0.870646766169154,0.808048541894941,0.808048401442081,1.40452860231122e-07,0.355071892372849,0.35502356140738,4.83309654684683e-05,0.000253890632298605,0.000236483243462768,1.74073888360588e-05
0.875621890547264,0.814981321817527,0.814981185528247,1.36289280749935e-07,0.369502739289876,0.369454374897668,4.83643922086219e-05,0.000349083641165665,0.000326039027969378,2.30446131965091e-05
0.880597014925373,0.821948679124588,0.821948547091152,1.32033436073264e-07,0.384519531528099,0.384471211270809,4.83202572897912e-05,0.000479968037521598,0.000449509429093877,3.04586084279436e-05
0.885572139303483,0.828950786271548,0.828950658587039,1.2768450985412e-07,0.400146060616968,0.400097868410373,4.81922065953544e-05,0.000659925845488152,0.000619737851945996,4.01879935423785e-05
0.890547263681592,0.835987816573961,0.835987693332282,1.23241679306219e-07,0.416407084109305,0.416359110611442,4.79734978633961e-05,0.000907356506054131,0.00085443147635158,5.29250297027729e-05
0.895522388059702,0.843059944211791,0.843059825507675,1.18704115759094e-07,0.433328364805392,0.433280707825752,4.76569796397097e-05,0.00124755809263654,0.00117800315970366,6.95549329331031e-05
0.900497512437811,0.850167344233732,0.850167230162747,1.14070985102188e-07,0.450936711569708,0.450889476500542,4.72350691658741e-05,0.0017153138640856,0.00162411086515356,9.12029989322564e-05
0.90547263681592,0.857310192561534,0.857310083220088,1.0934144634156e-07,0.469260021804973,0.469213322075831,4.66997291422855e-05,0.00235844861228556,0.00223915876675018,0.000119289845535603
0.91044776119403,0.864488665994363,0.86448856147971,1.0451465326522e-07,0.488327325650793,0.488281283207477,4.60424433166295e-05,0.00324271841629219,0.00308712421688043,0.000155594199411986
0.915422885572139,0.871702942213173,0.871702842623419,9.95897539990409e-08,0.508168831976933,0.508123577786093,4.52541908401161e-05,0.00445853374654212,0.00425621267771088,0.000202321068831458
0.920398009950249,0.878953199785107,0.878953105219218,9.45658893414247e-08,0.528815976244083,0.528771650824755,4.4325419327973e-05,0.00613020331003158,0.00586803286335287,0.000262170446678933
0.925373134328358,0.886239618167912,0.886239528725718,8.9442194428635e-08,0.550301470307952,0.550258224291383,4.32460165696869e-05,0.00842864375568929,0.00809024649207822,0.000338397263611286
0.930348258706468,0.893562377714389,0.89356229349659,8.42177989568427e-08,0.572659354245588,0.572617348964777,4.20052808113303e-05,0.0115888547193966,0.0111540084772439,0.000434846242152856
0.935323383084577,0.900921659676848,0.900921580785022,7.88918261829252e-08,0.595925050286036,0.595884458396482,4.05918895537427e-05,0.0159339459111234,0.0153780116875612,0.000555934223562459
0.940298507462687,0.908317646211601,0.908317572748209,7.34633922583328e-08,0.620135418930775,0.620096425063993,3.89938667825218e-05,0.0219081728476293,0.021201637415395,0.000706535432234531
0.945273631840796,0.915750520383468,0.915750452451861,6.79316072282887e-08,0.645328817352863,0.645291618804295,3.71985485676518e-05,0.0301223589058714,0.0292306598685623,0.000891699037309311
0.950248756218905,0.923220466170309,0.923220403874734,6.22955758089461e-08,0.671545160167287,0.671509967620346,3.51925469403991e-05,0.0414163477878675,0.0403002588720415,0.00111608891582619
0.955223880597015,0.930727668467577,0.930727611913182,5.65543957220527e-08,0.69882598266882,0.698793020956846,3.29617119738668e-05,0.0569448717295262,0.0555618953679626,0.00138297636156379
0.960199004975124,0.938272313092894,0.938272262385736,5.07071582500629e-08,0.727214506637568,0.72718401554559,3.04910919783907e-05,0.0782956148837956,0.0766030865132266,0.00169252837056923
0.965174129353234,0.945854586790653,0.945854542037705,4.47529479030706e-08,0.756755708816456,0.75672794392474,2.77648917168527e-05,0.107651543042339,0.105612539393975,0.00203900364836454
0.970149253731343,0.953474677236637,0.953474638545794,3.86908433069877e-08,0.787496392169161,0.787471625740606,2.47664285550897e-05,0.148014096786858,0.145607820584593,0.00240627620226508
0.975124378109453,0.961132773042667,0.961132740522751,3.25199166484325e-08,0.81948526003137,0.819463781944934,2.14780864362663e-05,0.203510068025804,0.200749243764557,0.00276082426124749
0.980099502487562,0.968829063761269,0.968829037522036,2.62392327865513e-08,0.852772993272858,0.852755112005276,1.7881267582287e-05,0.279813535919539,0.276772626018591,0.00304090990094841
0.985074626865672,0.976563739890366,0.976563720042515,1.98478506963085e-08,0.887412330592623,0.887398374250809,1.39563418147803e-05,0.384726002223477,0.381585928179477,0.0031400740440003
0.990049751243781,0.984336992877993,0.984336979533172,1.33448220251964e-08,0.923458152074303,0.923448469480932,9.68259337141841e-06,0.528974040874919,0.526091841809575,0.00288219906534481
0.995024875621891,0.992149015127038,0.992149008397846,6.72919231448077e-09,0.960967566134248,0.960962527969132,5.03816511632227e-06,0.727306015976026,0.725321888412017,0.0019841275640089
