338  2  0  1
   1    0  0    1
   2    1  0    1
   3    1  1    2
   4    0  1    3
   5    0.5  0.5    0
   6    0  0.5    4
   7    0.15793801272504773  0.59713992820348738    0
   8    0.25  0.5    0
   9    0.28431619623655913  0.46875    0
  10    0.18581929181946821  0.27454136491174896    0
  11    0.1875  0.4375    0
  12    0.25  0.4375    0
  13    0.5  0    1
  14    0  0.25    4
  15    0.21213865808813026  0.35017392492088983    0
  16    0  0.375    4
  17    0.3806378260059099  0.43109342331819756    0
  18    0.091663806871517289  0.27170377342840096    0
  19    0.22100433387334495  0.71186819258196299    0
  20    0.13828671794495256  0.28821454817365233    0
  21    0.065250727258652122  0.51537400783219744    0
  22    0.25  0    1
  23    0.20209594779155449  0.48540405220844551    0
  24    0.25962350572084503  0.38458407196328048    0
  25    0.43035961215829843  0.4827985308253428    0
  26    0.19537756927207006  0.53502968369049508    0
  27    0  0.6875    4
  28    0.3077995854661128  0.40849583983443583    0
  29    0.16662051537554443  0.32875462023589797    0
  30    0.20011837775171168  0.64865127408089907    0
  31    0.30462344137284436  0.52551637827819808    0
  32    0.11266762258382228  0.76303121038817323    0
  33    0.25271708744525406  0.56540843175144628    0
  34    0.25856867607775141  0.33081052236154351    0
  35    0.17627469631322093  0.38545088872164351    0
  36    0.089291915609358466  0.35262882845278076    0
  37    0  0.4375    4
  38    0.1352538392709825  0.42153277841253611    0
  39    0.13068826406006637  0.52993238349609073    0
  40    0.11887104889651479  0.47513871695391952    0
  41    0  0.75    4
  42    0.36217726450791071  0.50508847540560076    0
  43    0.1129139731543629  0.70436325326691851    0
  44    0.38843024017315941  0.67034430346971208    0
  45    0.35134118762822997  0.36068201057845506    0
  46    0.067707133924973462  0.43019586187203102    0
  47    0  0.625    4
  48    0.30568786533895875  0.58061690407019728    0
  49    0.20330907407926294  0.58214998533526419    0
  50    0.041021767219252617  0.47205078943125439    0
  51    0.097748907588233111  0.3967689213705759    0
  52    0  0.5625    4
  53    0.35996740433683933  0.59015276203432276    0
  54    0.14219276475191575  0.65352289288294751    0
  55    0.05899912399155325  0.73347135708773381    0
  56    0.084063170471111198  0.65327880293301499    0
  57    0.5  1    3
  58    0.057300554180284721  0.59375    0
  59    0.090217369157850419  0.5574977466596116    0
  60    0.10722720898874653  0.60708455504310543    0
  61    0.034073328843764857  0.31051309950010353    0
  62    0.16739170746093165  0.70188583748401789    0
  63    0.33614043847541369  0.45929238006259926    0
  64    0.036275589580349446  0.65625    0
  65    0.29241737583387978  0.65321568748113057    0
  66    0.51674296812245901  0.33316252129897539    0
  67    0.24538660944724089  0.6687539729023283    0
  68    0.064775662039937704  0.03580132407987538    0
  69    0  0.125    4
  70    0.46284468192587297  0.40179970934905712    0
  71    0.44583840564789951  0.56970319478972276    0
  72    0.42834431089853192  0.43497670390733079    0
  73    0.40855078296115921  0.53151376662046068    0
  74    0.45742139333476023  0.52280930760553634    0
  75    0.34414604646446179  0.64091533386895305    0
  76    0.097917982466320053  0.22556145736303937    0
  77    0.049431836829617791  0.24564791306171008    0
  78    0.30853493269872295  0.24417722677865902    0
  79    0  0.1875    4
  80    0.039161473881648638  0.15625    0
  81    0.36274194047157698  0.25506267849323794    0
  82    0.40816247227950814  0.37834047467051207    0
  83    0.41755926030687429  0.24785475252307093    0
  84    0.45643321297960732  0.34128424061581997    0
  85    0.47851751512183083  0.27729340689542586    0
  86    0.50721499806950077  0.14003780996377924    0
  87    0.66679053323251702  0.22966663520258063    0
  88    0.4757960828627828  0.20509656621519196    0
  89    0.54747521441179481  0.27112420775472851    0
  90    0.048793684252977067  0.10401629365853288    0
  91    0.5444737307402252  0.1981471895337738    0
  92    0.59565315036846334  0.38030819398720839    0
  93    0.43047687433302112  0.20441010803764509    0
  94    0.4558015974294477  0.15532463345963096    0
  95    0.097279993372298701  0.10963337116792356    0
  96    0.375  0    1
  97    0.51361021357617265  0.23596681352532708    0
  98    0.5409922124639055  0.53577597262371712    0
  99    0.67889498031289019  0.1381677846682029    0
 100    0.64649036854877617  0.085835022772953434    0
 101    0.53856652234382307  0.06821775366602835    0
 102    0.74878997715566764  0.30997572714424981    0
 103    0.44940029211625404  0.6838937546459346    0
 104    0.60087242713341571  0.23237779172747733    0
 105    0.625  0    1
 106    0.69694851979885808  0.53319913719845013    0
 107    0.57179816056965949  0.42846358499897919    0
 108    0.87225514184073805  0.27102505522773701    0
 109    0.63930427969830661  0.41077960876770431    0
 110    1  0.5    2
 111    0.75  0    1
 112    0.63144635632554624  0.17303115096121058    0
 113    0.6889112941967005  0.31706469001475091    0
 114    0.72334475491354622  0.39219857621929366    0
 115    0.64922814611280311  0.46308109140331372    0
 116    0.56736564502684539  0.48526904594664966    0
 117    0.73719910380170373  0.14638090902949003    0
 118    0.59539325799188758  0.534877114836664    0
 119    0.43275554070796496  0.75074334084124827    0
 120    0.57480146688059053  0.13770204941228248    0
 121    0.583997048285675  0.32784737521707114    0
 122    0.70164421241267549  0.18772737469260661    0
 123    0.64444990736125773  0.3577942265717628    0
 124    0.63616847316691849  0.2878430388413446    0
 125    0.50120429195505822  0.57288665951362217    0
 126    0.62120947063229826  0.12636913218314735    0
 127    0.7130422926178448  0.26445859845956649    0
 128    0.41171529215985964  0.61693260061071253    0
 129    0.47150587260418392  0.62547904611792648    0
 130    0.51824027125514227  0.78422614719088091    0
 131    0.50960538615514495  0.70051547275474624    0
 132    0.12592624682515946  0.070112922095634647    0
 133    0.125  0    1
 134    0.25857350664248435  0.257797611180549    0
 135    0.22867087409089834  0.29430208856016943    0
 136    0.46045467317748784  0.076872630552231355    0
 137    0.32151728028236493  0.29430823131722528    0
 138    0  0.0625    4
 139    0.30650166097903225  0.34094255717138072    0
 140    0.38604189669153244  0.30520253081516691    0
 141    0.43426541209519298  0.29782751640152255    0
 142    0.1875  0.034236905133380763    0
 143    0.38230919801934893  0.21061349924354542    0
 144    0.3767867775560384  0.12678375178811535    0
 145    0.33499445645405662  0.19966259359507343    0
 146    0.13586820517600912  0.13952356423442788    0
 147    0.26862333533129495  0.10816299780412773    0
 148    0.24074881103011836  0.057277622445683143    0
 149    0.28868587208725721  0.18156623942351707    0
 150    0.19965285424291468  0.11286698366022954    0
 151    0.2389676126242713  0.18132603881860326    0
 152    0.17118489883180615  0.077012719009758313    0
 153    0.18478223037421315  0.16692529933077849    0
 154    0.19952452590058281  0.22059626227017129    0
 155    0.13854983397919987  0.19209502402607107    0
 156    0.091022211083751997  0.16816524689388679    0
 157    0.31851848546692491  0.14179214987644312    0
 158    0.3125  0    1
 159    0.33750508666100965  0.09489133409444564    0
 160    0.69838010754124724  0.72334375733781076    0
 161    0.5625  0    1
 162    0.52266564723165387  0.3932941611593106    0
 163    0.52026990045243215  0.44854542684693977    0
 164    0.64588366836437627  0.51665484536028683    0
 165    0.64725264757572265  0.59950877562158278    0
 166    0.83446282545136929  0.38693087422732952    0
 167    0.7219243151625474  0.4649037156847684    0
 168    0.6849220057861436  0.49008644875533958    0
 169    0.68715457776006983  0.42785797429935424    0
 170    0.80140301882677789  0.43009004521447658    0
 171    0.75363021044865208  0.42915670822432661    0
 172    0.73760684056979975  0.22159746588701892    0
 173    0.48413090447978996  0.74544389287802915    0
 174    0.49666842339170741  0.04689404784321867    0
 175    0.50199951793003905  0.09500815252025506    0
 176    0.42599674021175743  0.11419288314406455    0
 177    0.40123857595764395  0.05676587731543084    0
 178    0.4375  0    1
 179    0.34375  0.042505471157177996    0
 180    0.29387855357741244  0.061251042392363043    0
 181    0.60140275540041177  0.73334712069234875    0
 182    0.75415018186873584  0.62784616846470087    0
 183    0.57021807327913077  0.60819866632125841    0
 184    1  0.25    2
 185    0.81568372592175264  0.30686016705369773    0
 186    1  0.375    2
 187    0.78428392719206796  0.36600856498967932    0
 188    0.88390369136148805  0.51276349082308925    0
 189    0.7910737627099963  0.52890639450961119    0
 190    0.74311334542777274  0.51136715774894481    0
 191    0.74901560134306022  0.5695702930017591    0
 192    0.70354766411940006  0.60294052654413399    0
 193    0.70525714193364408  0.66332640314120894    0
 194    0.64561576785156682  0.68689512658062246    0
 195    0.58292405569791395  0.67149212074126419    0
 196    0.6629491669247336  0.64351130149256774    0
 197    0.55692962708589278  0.71294543774246288    0
 198    0.53156896426288913  0.64887943819693661    0
 199    0.60598786315611386  0.57949757082047193    0
 200    0.87748581511847457  0.4426559289639837    0
 201    0.78003421716705157  0.26112549694592169    0
 202    0.86612216065138903  0.32391420899535422    0
 203    1  0.3125    2
 204    0.93822072542694279  0.47244359365065641    0
 205    0.83187915719480221  0.48217844972471929    0
 206    0.78099179928776608  0.47699210760295807    0
 207    0.93503880149899188  0.40212041435837653    0
 208    1  0.4375    2
 209    0.88780976977699022  0.37427108009359294    0
 210    0.95367304426874566  0.35539419798862715    0
 211    0.93251504019533371  0.23856337123511134    0
 212    0.85071384606325551  0.15887485274668095    0
 213    0.79874672611796982  0.19850673349648648    0
 214    1  0.125    2
 215    0.87909866425036609  0.21156670505962713    0
 216    0.92752424702121972  0.15148880258626685    0
 217    0.79533084668849741  0.14014091446760688    0
 218    0.75888695455687027  0.074527325940388536    0
 219    0.70335677077844339  0.086822066587170482    0
 220    0.8475176471257484  0.077092612140704397    0
 221    0.875  0    1
 222    0.82877360823196511  0.24158506841269431    0
 223    0.97504215144543327  0.19244556278887184    0
 224    0.92670824766722171  0.29994624378152779    0
 225    0.93645910898576312  0.063540891014236933    0
 226    0.80270130818384289  0.093119275970007798    0
 227    0.80543803663384339  0.030097492036866399    0
 228    0.8854057151879009  0.11656545436521323    0
 229    0.95332297518851372  0.10968194994649011    0
 230    0.88863457200875029  0.048305347281891009    0
 231    0.59649204870782568  0.052745252124099105    0
 232    0.41279301750459008  0.87394588531813167    0
 233    0.25  1    3
 234    0.28073052908456064  0.71719346350078272    0
 235    0.33709750029639157  0.69955538275204199    0
 236    0.38527207689152093  0.72450359962346733    0
 237    0.53614369668460227  0.89621906617158942    0
 238    0.86526208668722249  0.84272457402941459    0
 239    0.79875031349187475  0.59455239568247953    0
 240    0.6875  0    1
 241    0.71875  0.039151684125767194    0
 242    0.65625  0.037783755575241683    0
 243    0.9375  0    1
 244    1  0.0625    2
 245    0.45544668527481391  0.81867738245141575    0
 246    0.75  1    3
 247    0.32575207278127094  0.76218471854275083    0
 248    0.38793418171398208  0.77576918598783917    0
 249    0.48232356931793846  0.86766534808696361    0
 250    0.52457366882538947  0.83640221752877608    0
 251    0.375  1    3
 252    0.60249338509760664  0.9198460004535941    0
 253    0.48614971669115065  0.93450215456673236    0
 254    0.24327390984697986  0.7996968528775934    0
 255    0.24753749145661863  0.75187815756646881    0
 256    0.18114477992243941  0.7700579118473575    0
 257    0.40484906009456478  0.82372179441897142    0
 258    0.31636696831774691  0.86345732404003739    0
 259    0.125  1    3
 260    0.4375  1    3
 261    0.34674482946265728  0.81520132252037991    0
 262    0.29379432146347373  0.8155578561143132    0
 263    0.14028085735968299  0.83111037750392858    0
 264    0.42191396070155429  0.93760653171965924    0
 265    0.1940664333096353  0.82290854242677525    0
 266    0  0.875    4
 267    0  0.8125    4
 268    0.35964796665020049  0.91404393469189193    0
 269    0.097963654692451801  0.8086348232705568    0
 270    0.087029742804286853  0.88029671149060418    0
 271    0.28611154267089023  0.93315185345180596    0
 272    0.18134813141537248  0.91996218218838344    0
 273    0.17366765612086416  0.86959555284280932    0
 274    0.24529980066326296  0.87309362711286698    0
 275    0.23396465296930877  0.92469191315204358    0
 276    0.625  1    3
 277    0.61335354930299257  0.85025742373657121    0
 278    0.5664671451046781  0.85932639034215297    0
 279    0.70840964710365684  0.90073383214418345    0
 280    0.6875  1    3
 281    0.65214263175477638  0.89195266352622649    0
 282    0.69295618163059536  0.81509345521529863    0
 283    0.67267607022603315  0.9450421430635223    0
 284    0.5625  1    3
 285    0.875  1    3
 286    0.8125  1    3
 287    0.72618471189557388  0.95163227679149043    0
 288    0.53835672845691929  0.95089424521862875    0
 289    0.59375  0.9655379147795875    0
 290    0.050063851222659835  0.83799151687541096    0
 291    0.045543088311961556  0.78496303211478879    0
 292    0.039872244391647466  0.9375    0
 293    0.04265629552189313  0.8917555311443579    0
 294    0.10265201345160814  0.94121506479636086    0
 295    0.0625  1    3
 296    0.13354578895530808  0.90083016691968965    0
 297    0.14917813771010485  0.95716788251241802    0
 298    0.20280137053407976  0.97102255376210733    0
 299    0.33315070388234674  0.96312542640723087    0
 300    0.63390170305378735  0.78909098433177116    0
 301    0.57612261896227757  0.78543102028651912    0
 302    0.65126122251556129  0.74162484353096736    0
 303    0.76921798034962119  0.89623051289647537    0
 304    0.72584538618469607  0.85337317569730098    0
 305    1  0.75    2
 306    0.77931591096970865  0.77416357392171242    0
 307    0.76882457145795258  0.70101289620224894    0
 308    0.78572905452110686  0.83614524102111609    0
 309    0.82496154098022578  0.88333778588557854    0
 310    0.9019124222749294  0.91939450144945578    0
 311    0.84360988755300725  0.55603473727061781    0
 312    1  0.5625    2
 313    1  0.625    2
 314    0.74306681927720553  0.74203477521312977    0
 315    0.88523043033890236  0.72164553540888043    0
 316    0.93467892635734462  0.52441885338787897    0
 317    0.82363309424757136  0.73047988371707051    0
 318    0.82633796673295612  0.65974347654279775    0
 319    0.86217162839056505  0.78002878795010866    0
 320    0.8190249327011101  0.80137755759791507    0
 321    0.86141934459916858  0.61229339491138302    0
 322    1  0.875    2
 323    0.93310902831898856  0.77430069312741856    0
 324    1  0.8125    2
 325    0.80884578338994362  0.94061300545794402    0
 326    0.93296838844800356  0.85745399652541898    0
 327    0.90656774296380727  0.81583257362660655    0
 328    0.9375  0.97607190480621575    0
 329    0.96185164641437826  0.9212702061511896    0
 330    0.85998145117390357  0.95019014788315093    0
 331    0.95369866044619944  0.8159122876714282    0
 332    0.93457281371325929  0.576514541362105    0
 333    0.92741693862597219  0.65455787808712007    0
 334    1  0.6875    2
 335    0.94565675899910329  0.71479596884199648    0
 336    0.90726765366910112  0.61336063590233736    0
 337    0.95472209867013036  0.61771178354688772    0
 338    0.87753663603604048  0.66999964287625591    0