0  2  0  1
54  1
   1       2   243       1
   2       3   322       2
   3       4   295       3
   4       1   138       4
   5       6    52       4
   6      14    16       4
   7      13   178       1
   8      16    37       4
   9      41   267       4
  10      37     6       4
  11      47    27       4
  12      52    47       4
  13      57   284       3
  14      27    41       4
  15      69    79       4
  16      79    14       4
  17      22   133       1
  18     138    69       4
  19     133     1       1
  20     111   240       1
  21     110   208       2
  22     105   161       1
  23      96   158       1
  24     161    13       1
  25     178    96       1
  26     158    22       1
  27     184   214       2
  28     186   203       2
  29     208   186       2
  30     214   244       2
  31     203   184       2
  32     221   111       1
  33     240   105       1
  34     243   221       1
  35     244     2       2
  36     233   251       3
  37     251   260       3
  38     260    57       3
  39     266     4       4
  40     259   233       3
  41     246   286       3
  42     276   280       3
  43     284   276       3
  44     280   246       3
  45     267   266       4
  46     295   259       3
  47     285     3       3
  48     305   334       2
  49     322   324       2
  50     324   305       2
  51     286   285       3
  52     313   312       2
  53     312   110       2
  54     334   313       2
0