620  3  0
   1      77    79    80
   2      16    14    61
   3      43    56    54
   4       8    31    33
   5      72   163    25
   6     112    91   120
   7      24    11    35
   8      31     8     9
   9      79    69    80
  10      36    51    16
  11      12    11    24
  12      12     9     8
  13     135    29    10
  14       8    33    26
  15       8    23    12
  16      15    34    24
  17      24    28    12
  18      31     9    63
  19      52     6    21
  20     147   149   151
  21      76   155    20
  22      29    15    35
  23      30    62    54
  24      63    17    42
  25     156    76    77
  26      31    53    48
  27     135   134    34
  28      35    38    51
  29      36    20    29
  30      60    54    56
  31      18    36    61
  32     247   236   248
  33      38    40    46
  34      82    70    72
  35       8    26    23
  36      15    29   135
  37      50    37    46
  38      59     7    60
  39      50    40    21
  40      32    43    62
  41      48    33    31
  42      24    34   139
  43      23    26    39
  44     162    84    66
  45     128    75    53
  46      77    61    14
  47      35    11    38
  48      42    25    73
  49      39    40    23
  50      24   139    28
  51      25    17    72
  52      31    42    53
  53      12    28     9
  54      19    62    30
  55      27    47    64
  56      75    48    53
  57     104    91   112
  58       7    26    49
  59      20    18    76
  60      80   156    77
  61      23    11    12
  62      29    20    10
  63      18    20    36
  64      68    95    90
  65      46    37    16
  66      39    21    40
  67      23    40    11
  68      50    21     6
  69      16    51    46
  70      35    36    29
  71      11    40    38
  72      39    26     7
  73      53    42    73
  74       7    49    30
  75      17    63    28
  76      65    67    33
  77      58    64    47
  78     270   269   263
  79      62    43    54
  80     255   247   262
  81      28    45    17
  82      35    15    24
  83      33    49    26
  84      55    43    32
  85      74     5   125
  86      37    50     6
  87      40    50    46
  88      35    51    36
  89      38    46    51
  90      19    30    67
  91      58    56    64
  92      64    55    27
  93     255   256    19
  94     119   236   103
  95      67    30    49
  96      55    41    27
  97       7    54    60
  98      52    58    47
  99     256   265   263
 100       7    30    54
 101      52    21    58
 102      39    59    21
 103       7    59    39
 104      58    21    59
 105      56    58    60
 106      59    60    58
 107     104    89    91
 108      25     5    74
 109      32   269   291
 110      84    85    66
 111      28    63     9
 112      36    16    61
 113      75   235    65
 114      69    90    80
 115      67    49    33
 116      65    33    48
 117     336   337   333
 118      82    17    45
 119      55    64    56
 120     152   148   150
 121      75   128    44
 122      91    89    97
 123      42    17    25
 124      31    63    42
 125      43    55    56
 126     120   175   101
 127     121    92   162
 128      82    72    17
 129      74    73    25
 130      73    71   128
 131     124   121    89
 132      73    74    71
 133     235   234    65
 134      48    75    65
 135      80    90    95
 136      77    76    18
 137      61    77    18
 138      95   146   156
 139     137    81   140
 140      68     1   133
 141      77    14    79
 142     145    81    78
 143       1    68   138
 144      95    68   132
 145      45   137   140
 146      70    82    84
 147      34   134   137
 148      93   143   144
 149     140    82    45
 150      84   141    85
 151      94    86    88
 152      85    83    88
 153     124    89   104
 154      66    85    89
 155     168   167   190
 156     238   310   309
 157      93    88    83
 158      91    88    86
 159      97    85    88
 160     163    70   162
 161     137    78    81
 162      90    69   138
 163     112   122    87
 164     175   120    86
 165     109    92   123
 166     124   104    87
 167     140    81    83
 168     143    83    81
 169      93    94    88
 170     149   134   151
 171     149    78   134
 172       5   163   116
 173     114   113   102
 174     116   107   115
 175      85    97    89
 176      88    91    97
 177     126   112   120
 178     126    99   112
 179      92   107   162
 180     123   121   124
 181     100   219    99
 182      86   120    91
 183     114   169   123
 184     109   107    92
 185      13   161   174
 186     175    94   136
 187     180    22   158
 188     178    13   174
 189     105   231   161
 190     123   124   113
 191      84   162    70
 192     122    99   117
 193     126   231   100
 194      98   116   118
 195     127    87   172
 196     126   120   231
 197     123   113   114
 198     165   199   164
 199     114   187   171
 200     217   226   212
 201      98   118   199
 202     163    72    70
 203     113   127   102
 204     170   200   205
 205     148   180   147
 206     157   147   159
 207     107   109   115
 208     173   197   130
 209     127   172   201
 210     200   170   166
 211     231   120   101
 212     129   128    71
 213     169   115   109
 214     111   241   240
 215     201   185   102
 216     203   224   184
 217     127   113   124
 218     115   164   116
 219     235    75    44
 220     103   131   173
 221     219   241   218
 222      44   128   103
 223     112    87   104
 224     164   115   168
 225     125    98   183
 226      92   121   123
 227     122   112    99
 228      89   121    66
 229     127   124    87
 230     173   245   119
 231      98   125     5
 232      74   125    71
 233     172    87   122
 234     100    99   126
 235     249   264   232
 236     129   131   103
 237      73   128    53
 238      71   125   129
 239     198   125   183
 240     128   129   103
 241     183    98   199
 242       5   116    98
 243     109   123   169
 244     197   173   131
 245     179   177   159
 246     153   146   150
 247      22   148   142
 248     151   153   150
 249     132    68   133
 250     137    45   139
 251      15   135    34
 252      10   134   135
 253      96   179   158
 254     137   134    78
 255      93   144    94
 256     156    80    95
 257     145   143    81
 258     143   145   144
 259     139    45    28
 260      34   137   139
 261     141    83    85
 262      82   140    84
 263      84   140   141
 264      83   141   140
 265     144   145   157
 266     142   132   133
 267      83   143    93
 268     133    22   142
 269     149   157   145
 270      95   132   146
 271     179   180   158
 272     138    68    90
 273      94   176   136
 274     152   132   142
 275     136   178   174
 276     150   148   147
 277     177   179    96
 278     151   150   147
 279     146   132   152
 280     147   157   149
 281     154   134    10
 282     148   152   142
 283     146   152   150
 284     151   154   153
 285      10   155   154
 286     134   154   151
 287      10    20   155
 288     146   153   155
 289     154   155   153
 290     146   155   156
 291      76   156   155
 292      78   149   145
 293     144   157   159
 294     193   196   192
 295     283   281   279
 296     162    66   121
 297     174   161   101
 298     163   162   107
 299     116   163   107
 300       5    25   163
 301     165   164   106
 302     116   164   118
 303     106   191   192
 304     160   194   193
 305     211   108   215
 306     202   209   166
 307     171   167   169
 308     171   187   170
 309     164   168   106
 310     169   168   115
 311     171   169   114
 312     169   167   168
 313     186   208   207
 314     187   166   170
 315     102   187   114
 316     205   189   206
 317     117   172   122
 318     224   211   184
 319     245   173   130
 320     103   173   119
 321     175   174   101
 322     178   136   177
 323      94   175    86
 324     174   175   136
 325      94   144   176
 326     177   144   159
 327     136   176   177
 328     177   176   144
 329     159   147   180
 330     177    96   178
 331     180   148    22
 332     159   180   179
 333     183   165   195
 334     253   249   237
 335     170   206   171
 336     239   182   191
 337     196   195   165
 338     183   195   198
 339     102   127   201
 340     202   185   108
 341     185   166   187
 342     209   202   224
 343     166   185   202
 344     172   213   201
 345     185   187   102
 346     305   323   335
 347     320   308   306
 348     190   106   168
 349     317   319   320
 350     190   191   106
 351     206   167   171
 352     191   190   189
 353     311   189   205
 354     191   182   192
 355     193   192   182
 356     106   192   165
 357     311   239   189
 358     302   194   160
 359     194   181   195
 360     192   196   165
 361     181   197   195
 362     195   197   198
 363     193   194   196
 364     195   196   194
 365     197   181   301
 366     198   197   131
 367     131   129   198
 368     125   198   129
 369     164   199   118
 370     165   183   199
 371     117   217   213
 372     200   188   205
 373     185   201   222
 374     188   200   204
 375     211   224   108
 376     204   208   110
 377     203   186   210
 378     311   205   188
 379     204   200   207
 380     206   189   190
 381     206   190   167
 382     170   205   206
 383     200   166   209
 384     203   210   224
 385     108   224   202
 386     207   208   204
 387     200   209   207
 388     186   207   210
 389     209   210   207
 390     222   108   185
 391     211   216   223
 392     212   213   217
 393     212   228   216
 394     117   213   172
 395     213   212   215
 396     215   108   222
 397     211   215   216
 398     216   215   212
 399     226   218   227
 400     223   184   211
 401     117   218   217
 402     229   228   225
 403     117    99   219
 404     218   226   217
 405     231   242   100
 406     117   219   218
 407     227   218   111
 408     229   214   216
 409     227   220   226
 410     227   230   220
 411     201   213   222
 412     215   222   213
 413     216   214   223
 414     214   184   223
 415     224   210   209
 416     244   214   229
 417     244   243     2
 418     212   226   220
 419     111   221   227
 420     230   227   221
 421     212   220   228
 422     228   220   230
 423     228   229   216
 424     244   229   225
 425     243   230   221
 426     228   230   225
 427     161   231   101
 428     242   231   105
 429     263    32   256
 430     234    19    67
 431     232   245   249
 432     119   257   248
 433      65   234    67
 434     234   235   247
 435     236   235    44
 436     236   247   235
 437     103   236    44
 438     236   119   248
 439     301   278   250
 440     289   288   252
 441     303   287   279
 442     304   279   281
 443     189   239   191
 444     313   337   312
 445     218   241   111
 446     219   242   241
 447     242   219   100
 448     105   240   242
 449     241   242   240
 450     245   250   249
 451     230   243   225
 452     243   244   225
 453     250   237   249
 454     237   250   278
 455     253   288    57
 456     264   253   260
 457     255    19   234
 458     257   119   245
 459     268   299   271
 460     250   245   130
 461     245   232   257
 462     246   287   325
 463     304   281   282
 464     248   261   247
 465     264   249   253
 466     197   301   130
 467     278   277   252
 468     232   261   257
 469     256    62    19
 470     247   255   234
 471     247   261   262
 472     255   254   256
 473     265   274   273
 474      62   256    32
 475     232   264   268
 476     258   261   232
 477     259   297   298
 478       4   292   295
 479     269   290   291
 480     257   261   248
 481     253    57   260
 482     262   261   258
 483     274   262   258
 484     262   254   255
 485     265   256   254
 486       4   266   292
 487     260   251   264
 488     232   268   258
 489     254   262   274
 490     297   294   296
 491     263   269    32
 492     266   267   290
 493     291    41    55
 494     264   251   268
 495     299   233   271
 496     263   265   273
 497     270   290   269
 498     263   273   296
 499     290   270   293
 500     272   273   274
 501     258   268   271
 502     254   274   265
 503     275   233   298
 504     297   296   272
 505     258   271   274
 506     275   274   271
 507     233   275   271
 508     272   274   275
 509     252   237   278
 510     288   253   237
 511     302   282   300
 512     301   250   130
 513     252   277   281
 514     287   283   279
 515     283   289   252
 516     303   279   304
 517     282   281   277
 518     280   283   287
 519     300   282   277
 520     330   310   328
 521     276   283   280
 522     276   289   283
 523     281   283   252
 524     309   325   303
 525     330   286   325
 526     160   314   282
 527     287   303   325
 528     280   287   246
 529     252   288   237
 530      57   288   284
 531     276   284   289
 532     288   289   284
 533     291   290   267
 534      41   291   267
 535     291    55    32
 536     266   293   292
 537     292   293   294
 538     290   293   266
 539     294   293   270
 540     294   270   296
 541     295   294   259
 542     263   296   270
 543     294   295   292
 544     272   296   273
 545     298   297   272
 546     259   294   297
 547     275   298   272
 548     259   298   233
 549     268   251   299
 550     233   299   251
 551     277   278   301
 552     302   300   181
 553     181   300   301
 554     301   300   277
 555     194   302   181
 556     282   302   160
 557     314   307   306
 558     304   308   303
 559     306   307   317
 560     306   304   282
 561     193   182   307
 562     239   318   182
 563     308   304   306
 564     285   328     3
 565     160   193   307
 566     308   309   303
 567     309   308   238
 568     329   326   322
 569     329     3   328
 570     330   309   310
 571     316   312   332
 572     311   188   332
 573     315   335   323
 574     337   334   333
 575     316   188   204
 576     336   311   332
 577     282   314   306
 578     160   307   314
 579     317   307   318
 580     338   336   333
 581     338   333   315
 582     110   312   316
 583     307   182   318
 584     319   317   315
 585     239   311   321
 586     317   318   338
 587     326   310   238
 588     238   308   320
 589     317   320   306
 590     238   320   319
 591     110   316   204
 592     239   321   318
 593     331   322   326
 594     315   323   319
 595     319   323   327
 596     325   286   246
 597     305   324   331
 598     238   327   326
 599     331   323   305
 600     319   327   238
 601     331   327   323
 602     330   328   285
 603     329   328   310
 604     326   329   310
 605       3   329   322
 606     286   330   285
 607     309   330   325
 608     322   331   324
 609     327   331   326
 610     332   188   316
 611     321   336   338
 612     333   335   315
 613     335   333   334
 614     305   335   334
 615     311   336   321
 616     337   336   332
 617     312   337   332
 618     334   337   313
 619     317   338   315
 620     321   338   318