1289  2  0  1
   1    0  0    1
   2    1  0    1
   3    1  1    2
   4    0  1    3
   5    0.5  0.5    0
   6    0  0.5    4
   7    0.76382312813932185  0.28193306785214794    0
   8    0.25  0.5    0
   9    0.05437373693984264  0.4726299963434194    0
  10    0.68906104345559049  0.39799908496504482    0
  11    0.1875  0.4375    0
  12    0.18838128377135935  0.55840020522316292    0
  13    0.28314107352281032  0.39256160924013367    0
  14    0  0.25    4
  15    0.21308774423515903  0.52663975229702198    0
  16    0.053880061084432211  0.50744453364001108    0
  17    0.14616687170146425  0.5027178119837199    0
  18    0.15364583333333331  0.4609375    0
  19    0.19289296388459434  0.53642003590246912    0
  20    0.19827178030303028  0.48922821969696972    0
  21    0.17285044211078227  0.5263314075637503    0
  22    0.18194338213869463  0.46564275568181818    0
  23    0.17086839840240173  0.49075492194832826    0
  24    0  0.75    4
  25    0.1294704202471505  0.4781694843290869    0
  26    0.10456103900109895  0.49432233571032391    0
  27    0.1456062171184927  0.53023448884222668    0
  28    0  0.5625    4
  29    0.12295567881545508  0.51045487627905628    0
  30    0  0.4375    4
  31    0.11848531292966413  0.43718375485004646    0
  32    0.22277172216046767  0.50116511437692168    0
  33    0.22977382882772029  0.45568263978089985    0
  34    0.20692662419851435  0.46579153485871189    0
  35    0.094278850703339565  0.68893527320196191    0
  36    0.09277754471907565  0.52631134267574942    0
  37    0  0.625    4
  38    0  0.375    4
  39    0.11613279583266639  0.56946623280574271    0
  40    0.12186732923268301  0.54308734354348065    0
  41    0.077329510129264006  0.49880877019365599    0
  42    0.028880332776445184  0.48967926453700861    0
  43    0  0.46875    4
  44    0.028440270066243525  0.453125    0
  45    0.035680956645517133  0.40625    0
  46    0.023528532336007268  0.4283695666766108    0
  47    0  0.40625    4
  48    0.062798673724387438  0.43443554610524054    0
  49    0.15305418723506137  0.42391391859879235    0
  50    0.18206646935995852  0.40081646935995852    0
  51    0.16573304571605529  0.44222782529356136    0
  52    0.14040827307447373  0.44263252149949156    0
  53    0.10435568345919327  0.34871294214696452    0
  54    0.62394812944478162  0.47209528836459813    0
  55    0.1983924502527121  0.41714245025271207    0
  56    0.14065758745203266  0.37857315489872639    0
  57    0.59940026546690306  0.47345284941307969    0
  58    0.15658775810373662  0.39858274991790027    0
  59    0.1260520096761695  0.4065470574595601    0
  60    0.091702724021213669  0.4143161858444192    0
  61    0.10912620932448612  0.37991001047765555    0
  62    0.064334448658414478  0.4058200102715051    0
  63    0.049238468460480779  0.35477506960446592    0
  64    0.049653130237130902  0.38240714339117526    0
  65    0.024117279092566592  0.3834582078035178    0
  66    0.07860190037998635  0.36815357434778723    0
  67    0.087494273370398098  0.39057023788316503    0
  68    0.35610939443524736  0.5819523108698702    0
  69    0.089431554086356224  0.46033664225091053    0
  70    0.086112203008137225  0.43710655710580365    0
  71    0.11333672157697436  0.4605286883807615    0
  72    0.21833453592612578  0.55621103810394124    0
  73    0.25158857589132999  0.53791949543330631    0
  74    0.35294405684915875  0.51468034847015132    0
  75    0.46669386138146551  0.5250108431384316    0
  76    0.42678250104927867  0.52446992236266721    0
  77    0.11414099657291818  0.7057989430369519    0
  78    0.37224869884251699  0.56057475015677627    0
  79    0.20588053189246092  0.59182136671710106    0
  80    0.26103840258401834  0.55998312936644989    0
  81    0.12130032463349835  0.74535918353531461    0
  82    0.026840227505816126  0.62217635851331177    0
  83    0.12274495064697338  0.68045472754293168    0
  84    0.30746165596580355  0.57578091726911107    0
  85    0.13990010558971688  0.70971768027088988    0
  86    0.15745141839076843  0.61052507669396305    0
  87    0.091389050667659261  0.71849686240872868    0
  88    0.18439047023682706  0.60822769818982703    0
  89    0.16857668120419531  0.58188756688547016    0
  90    0.13964279995065404  0.58712692562143975    0
  91    0.16015933943623045  0.55469671684797528    0
  92    0.1172592117104399  0.62263960189633905    0
  93    0.31852412168603611  0.5481500939748436    0
  94    0.3591534911529517  0.64748286085147866    0
  95    0.34828364037047893  0.54861008462763072    0
  96    0.03133157226297735  0.578125    0
  97    0.38317126579156335  0.53611713825299212    0
  98    0.40522171371981175  0.73261258160963272    0
  99    0.41531607016023891  0.66376609001769704    0
 100    0.072284670966032291  0.70170726818191609    0
 101    0.042160950154349716  0.65108129332929909    0
 102    0.049222586534714327  0.55857944390569669    0
 103    0.031207267670349186  0.53914840067785363    0
 104    0.38198111200133483  0.66068111920879102    0
 105    0.2939567850923131  0.4380672867155857    0
 106    0.39008795329419227  0.68577242091907142    0
 107    0.16668844471239544  0.65382532878573441    0
 108    0.091431903397241429  0.57257778346305221    0
 109    0.27429005200955636  0.59715033297703901    0
 110    0.44211848902473311  0.46742870470546399    0
 111    0.3927708811637759  0.6366212942159708    0
 112    0.15245546213845673  0.63644909852227005    0
 113    0  0.6875    4
 114    0.28718537817154632  0.52957722886249514    0
 115    0.26577412989466076  0.51833219148194631    0
 116    0.30598038020591595  0.46778368913121765    0
 117    0.290694269739527  0.49688939107845098    0
 118    0.32458144456548399  0.49611976759460197    0
 119    0.65651985814892078  0.43545846221095752    0
 120    0.32901419395181886  0.52029692669374239    0
 121    0.6329887552600697  0.42648768138562626    0
 122    0.30590724042760453  0.51505468540015409    0
 123    0.34740679686864523  0.49219100323610215    0
 124    0.42750113631032338  0.54988041067564675    0
 125    0.21647238787978479  0.62797295065767522    0
 126    0.1442205014447156  0.68752487771682136    0
 127    0.23933184253339299  0.65791572553924249    0
 128    0.30797018768423801  0.63920835448817925    0
 129    0.36533882948054458  0.61435955391189834    0
 130    0.3436765718782368  0.627453582989418    0
 131    0.44157933951261991  0.64300610053619744    0
 132    0.33291760216189237  0.56994270036269234    0
 133    0.59210195586914849  0.39883327667979712    0
 134    0.16372531665833512  0.67609034716107419    0
 135    0.021577557585985372  0.51481206869866103    0
 136    0.046971733837040119  0.69923279611930489    0
 137    0.016856197596150303  0.65625    0
 138    0  0.8125    4
 139    0.44949934569568811  0.68001833007114143    0
 140    0.17052546271972788  0.74837371639221206    0
 141    0  0.53125    4
 142    0.25  1    3
 143    0.42824021505341553  0.70705603837270903    0
 144    0.20455364629164607  0.36398017403049943    0
 145    0.32913372635379784  0.79894810516247627    0
 146    0.54900915369839365  0.68677225022359589    0
 147    0.44316912523855823  0.74364687474950919    0
 148    0.27466804823029511  0.6522935889433501    0
 149    0.45088488167697971  0.58374004719977535    0
 150    0.83605214358809865  0.38957491174158337    0
 151    0.44293791120817516  0.61285584166566587    0
 152    0.51513001480872012  0.68230997338917043    0
 153    0.5844795072596296  0.50355895783419435    0
 154    0.63195456577553655  0.38396412875245656    0
 155    0.51293737657999772  0.59789238564345737    0
 156    0.49091254397309786  0.5741974697687745    0
 157    0  0.71875    4
 158    0  0.875    4
 159    0.10856513849703994  0.76767402183874967    0
 160    0.51885046408893121  0.71627857983109289    0
 161    0.066047143225039712  0.76019311271482626    0
 162    0.27396117973232614  0.34231487281849543    0
 163    0.40961868032360438  0.60556885140727179    0
 164    0.45500371494490832  0.54990527878711315    0
 165    0.55217363309458434  0.54739032232528839    0
 166    0.35692732978247865  0.68263112368545698    0
 167    0.52221382998853283  0.62504129771141315    0
 168    0.53969585416933841  0.58754347790326222    0
 169    0.28303325929701334  0.62466332353148846    0
 170    1  0.5    2
 171    0.28193136909907834  0.71673378457569104    0
 172    0.6290013562212684  0.56405499527046021    0
 173    0.26082437935053304  0.67914195748948847    0
 174    0.73392694208713893  0.43501882320506474    0
 175    0.52885457860438367  0.49019424527484762    0
 176    0.54717879833938388  0.65088579649355094    0
 177    0.34836701968596917  0.70609213120279035    0
 178    0.030518545256211761  0.77132808829141475    0
 179    0.57647096434538692  0.5875051202804159    0
 180    0.44991263537850218  0.76995258709256997    0
 181    0.43946817051740472  0.79502006771286138    0
 182    0.68599358214530692  0.64853892020204185    0
 183    0.66321571961552717  0.55790341599774884    0
 184    0.55559227197187844  0.61777871280823027    0
 185    0.59700323314684767  0.60646869295390526    0
 186    0.57467842635730892  0.69348886850020153    0
 187    0.61641510175387393  0.75708179201010051    0
 188    0.41264990826260706  0.76913652867573901    0
 189    0.47333933888017687  0.75621741348871596    0
 190    0.026428788269422108  0.68158454171507099    0
 191    0.50710749633531893  0.44356423881214002    0
 192    0.058379204372576585  0.53363388641157994    0
 193    0.67106916150682461  0.38232024585290497    0
 194    0.24975586850495204  0.3962837578474297    0
 195    0.096231350053415377  0.65929701672551244    0
 196    0.60812372512900426  0.41919782158354452    0
 197    0.57932183526534942  0.44651099664855792    0
 198    0.38105320617347227  0.49793285945560517    0
 199    0.3281289683146601  0.60747912366403134    0
 200    0.087672656172852526  0.7527193852075168    0
 201    0.46845317629032185  0.56871061688130953    0
 202    0.70819890089652138  0.62946531857124832    0
 203    0.61836141579675363  0.62816272434216469    0
 204    0.077860734029257916  0.55170581190823875    0
 205    0.92009409037299128  0.68342497071525588    0
 206    0.77113538113481284  0.94825912102948684    0
 207    0.21923828991739727  0.74067552865978559    0
 208    0.23749600730642151  0.58289531592646826    0
 209    0.75717201971380399  0.42826743076989199    0
 210    0.48544099372383592  0.6060817045493061    0
 211    0.25219024143094176  0.62487474637885665    0
 212    0.18575330756391437  0.6419492109195396    0
 213    0.23274364234939024  0.60812026301886268    0
 214    0.33048552978675932  0.662374620705379    0
 215    0.37030313428307204  0.71802966273403868    0
 216    0.18754944290896469  0.91733110316508015    0
 217    0.48484567906264453  0.66648066592258159    0
 218    0.11723350034967425  0.64698468632561823    0
 219    0.053245949656665403  0.62775386705220826    0
 220    0.55233548925047393  0.45304176756197106    0
 221    0.40851093352719953  0.46581426277362964    0
 222    0.40737264860405975  0.50805447290195149    0
 223    0.31736500098347731  0.42324870064495218    0
 224    0.17970830294650517  0.3555407872324492    0
 225    0.43343624352698173  0.49993551664369995    0
 226    0.46137897720940863  0.65812279495295223    0
 227    0.30091802554658004  0.60383409455567538    0
 228    0.64324066473867458  0.45685590911835983    0
 229    0.14658566647763874  0.73588055742145086    0
 230    0.32500525345422243  0.71491968246064175    0
 231    0.49656527362001296  0.52587655341430029    0
 232    0.56573577550235499  0.52356509681724461    0
 233    0.51855097990309607  0.57263884826525535    0
 234    0.69604054047539676  0.32111609724664475    0
 235    0.063778396378960406  0.81520258072491969    0
 236    0.45549011503196002  0.84397105662085337    0
 237    0.631464477518072  0.59526958223882687    0
 238    0.51129477115968802  0.65276312316351659    0
 239    0.20417489672160705  0.67801173014330773    0
 240    0.39400578623168159  0.71037148541881046    0
 241    0.482427121422695  0.54781979871562214    0
 242    0.55410318228401867  0.72286143041144924    0
 243    0.32491548971041062  0.68835200216376624    0
 244    0.5264817802773587  0.42426302027425544    0
 245    0.48225376375494444  0.69528211416349717    0
 246    0.46576142789992958  0.61933184502838157    0
 247    0.4140082471043009  0.68773075407923745    0
 248    0.17768986460501501  0.71123816592264721    0
 249    0.64069188564465351  0.65969564661010394    0
 250    0.604404176970603  0.57951656537191709    0
 251    0.58923711152519165  0.7156715014839985    0
 252    0.46607522362612547  0.43224595620398892    0
 253    0.53100525553166178  0.53984686620613365    0
 254    0.58830993370126294  0.63303215837970284    0
 255    0.22426445014615184  0.33051487114608763    0
 256    0.64812800496124201  0.62177890624528187    0
 257    0.57052310029883779  0.47402091540718877    0
 258    0.50364106894792982  0.7684675314585907    0
 259    0.69819967406716976  0.28073661061558391    0
 260    0.025964621623921158  0.734375    0
 261    0.20918974560477002  0.65271367483878573    0
 262    0.53181468362866735  0.51738915561436061    0
 263    0.67574216666167886  0.675957653589915    0
 264    0.57872950193276751  0.66726648671300892    0
 265    0.63719355361250019  0.51139510711664327    0
 266    0.66510563576794413  0.59261498189385442    0
 267    0.67886390065122537  0.62014796914706316    0
 268    0.70073927707703343  0.60211316704563    0
 269    0.53113630442440796  0.74816974327977182    0
 270    0.28803669704328966  0.55675455165103704    0
 271    0.48238944010444385  0.63625404180832779    0
 272    0.40135250546275897  0.56286155654322501    0
 273    0.30128899018217131  0.67620135551723759    0
 274    0.055789275694072472  0.73974083736887364    0
 275    0.022414669728598603  0.59947050058350537    0
 276    0.41840245959709332  0.63043126317561249    0
 277    0.38564170077716853  0.58746707745558879    0
 278    0.067930739571689214  0.65280291583885941    0
 279    0.085300086389985166  0.6257913448713166    0
 280    0.066336432503926984  0.57880896270494442    0
 281    0.098540245207900293  0.59643752594494581    0
 282    0.067968669633926698  0.60546850961637888    0
 283    0  0.59375    4
 284    0.12099458811407421  0.60018349450971764    0
 285    0.5  1    3
 286    0.7229860430561561  0.41342688808851646    0
 287    0.4773301937388173  0.72377772617715153    0
 288    0.51013373886924318  0.54817655594095804    0
 289    0.52639795186916649  0.4629492392147867    0
 290    0.45572404512622194  0.70678930648904914    0
 291    0.89480509897612515  0.70596023682723363    0
 292    0.59101967782313725  0.55373020154017227    0
 293    0.47752190703265812  0.79616570332181391    0
 294    0.75860720424934114  0.46847601133268074    0
 295    0.55806642095010861  0.57123687498646936    0
 296    0.55496451461465124  0.49835491998155362    0
 297    0.77117308848951727  0.56935647213664986    0
 298    0.24133531348104831  0.70222135031461819    0
 299    0.57844610139428287  0.75237748943403737    0
 300    0.693675751557144  0.57465605889785665    0
 301    0.73418773612234622  0.68218371018038571    0
 302    0.74481613277192849  0.60478558305671026    0
 303    0.70576535943982432  0.67155704890165635    0
 304    0.69931140246239076  0.73214197699210881    0
 305    0.69474971675972885  0.70101980653000306    0
 306    0.55509674441727108  0.74683826018857191    0
 307    0.55205786072599405  0.81162953893008982    0
 308    0.54485702836819183  0.77882489545299083    0
 309    0.64218164018729529  0.5391382604023589    0
 310    0.61198407099327345  0.53024764552063119    0
 311    0.67989349609645511  0.5180378549402056    0
 312    0.72447763387044783  0.71255787780123592    0
 313    0.65144038234624146  0.72326320397523669    0
 314    0.57959659643942862  0.78839197105641978    0
 315    0.51709592131138737  0.80211127528116066    0
 316    0.68981410848618951  0.54560950626585991    0
 317    0.74421747137602678  0.51046391712474437    0
 318    0.73125327459282385  0.55488027888577329    0
 319    0.71293491881762094  0.52171975649497015    0
 320    0.79687362755316415  0.35942944445616659    0
 321    0.67689116775475155  0.71953279307536455    0
 322    0.66963037124255376  0.75868028960829581    0
 323    0.59555640473732474  0.76985651218028117    0
 324    0.72035077062593611  0.33185876137559139    0
 325    0.58965515656653533  0.82824912378092796    0
 326    0.5176219100531122  0.86914846948741853    0
 327    0.49868776731902603  0.7899607761225228    0
 328    0.27141596513754584  0.42195994366631495    0
 329    0.77395942975439969  0.67279555477108999    0
 330    0.7688173686620513  0.73592491760097634    0
 331    0.72975805852164977  0.74530518236987076    0
 332    0.70634225261684047  0.75767288184413029    0
 333    0.52676732625544709  0.83555605190153193    0
 334    0.71711237186681964  0.48423124952558022    0
 335    0.75  1    3
 336    0.74616449836061349  0.7027516370444068    0
 337    0.95977352132359817  0.63150693961079762    0
 338    0.62161138730552157  0.77937529995310761    0
 339    0.64304000345384549  0.75730620998166254    0
 340    0.54131363032131119  0.89086812317679109    0
 341    0.54975659483060579  0.85985591080895674    0
 342    0.49163263909875315  0.84403187060301421    0
 343    0.69850293398163743  0.50113455223289294    0
 344    0.66370744509213497  0.48152252229382192    0
 345    0.70684730130982121  0.78414937863420853    0
 346    0.49811615223000494  0.96078202536323587    0
 347    0.51164718353625638  0.89944692827291783    0
 348    0.57490846326088485  0.81077288479588638    0
 349    0.7501293694589074  0.77148300756039245    0
 350    0.625  1    3
 351    0.47359614914612325  0.82333597318840779    0
 352    0.49872320046595447  0.81964508521503465    0
 353    0.47167447840912646  0.88374921369509563    0
 354    0.58203313721238037  0.86864308466743034    0
 355    0.57096180082322245  0.84563792381149816    0
 356    0.49077832760976214  0.92221060139583544    0
 357    0.55015365284961226  0.83494618954768762    0
 358    0.78878233340953829  0.32711637501347185    0
 359    0.71210926796289009  0.37778115242931753    0
 360    0.5205619622280151  0.9285673698387138    0
 361    0.49597293797849562  0.88061770941830697    0
 362    0.18869907949389558  0.31937112222555114    0
 363    0.86482911016155517  0.52200283168779427    0
 364    0.47353477600290039  0.85981081379527891    0
 365    0.39108064440013679  0.78422509363276183    0
 366    0.7038982889894978  0.44636536047563991    0
 367    0.66133599653140496  0.69814023771895894    0
 368    0.37248571437814415  0.80285642513398203    0
 369    0.81412707356014569  0.50742628015372393    0
 370    0.16969946644302411  0.9461660927922162    0
 371    0.72064714297472376  0.65130122907101096    0
 372    0.37719445749372116  0.75062595868177751    0
 373    0.36609141363724113  0.77595247120030963    0
 374    0.40846038427917636  0.8201658429465134    0
 375    0.50161943958904798  0.73956766091167192    0
 376    0.42294235951097492  0.58083637406277067    0
 377    0.55943570732521586  0.42335951705845948    0
 378    0.72736554207196558  0.30874584020123963    0
 379    0.81066536988021021  0.39193922005211851    0
 380    0.85365286891330949  0.48099781611016196    0
 381    0.49314092845959234  0.41416088743161744    0
 382    0.95958620721449894  0.69449890565549377    0
 383    0.140625  0.97879859605712316    0
 384    0.24740546293869178  0.42024071034027866    0
 385    0.055030432643161896  0.78729027104113902    0
 386    0.084918985183412524  0.78600021232939699    0
 387    0.032060176929280863  0.80981635081788605    0
 388    0.040775259050461109  0.85457893536302576    0
 389    0.01808992515924512  0.83576598529504442    0
 390    0.044854890442481914  0.8305549620088728    0
 391    0  0.78125    4
 392    0.7401805985668789  0.38869790858016906    0
 393    0.73114216030443213  0.36060498153117643    0
 394    1  0.25    2
 395    0.78663461310585037  0.44734571166448051    0
 396    1  0.625    2
 397    0.45902119050657297  0.35543960232755339    0
 398    0.4736524106060776  0.31616495466302919    0
 399    0.81499541978660428  0.4568797726677491    0
 400    1  0.6875    2
 401    0.8425193240503418  0.26433876689152896    0
 402    0.78923227077873093  0.29380870241253965    0
 403    0.58951928066570913  0.082277270428235683    0
 404    0.20181692856403949  0.33983086177136679    0
 405    0.79849470445873905  0.23439593754318133    0
 406    0.80912766479887777  0.33919141755422511    0
 407    0.79001632514833753  0.25901058192863874    0
 408    0.22896639650916673  0.68058255433011927    0
 409    0.28209226885921296  0.69192197249188525    0
 410    0.252741302430183  0.73435152708689844    0
 411    0.092490580219159596  0.81373492801163982    0
 412    0.28207377154400659  0.74996046830953289    0
 413    0.30420219408118615  0.73325198361327681    0
 414    0.34478057920571326  0.75832981092831075    0
 415    0.32830005288716579  0.73962810159847303    0
 416    0.58844964508660991  0.94137532334688812    0
 417    0.14611023254264432  0.84053651679502073    0
 418    0.23986302705245965  0.75803295708242269    0
 419    0.20519633837154358  0.7782929449766901    0
 420    0.12057577828693422  0.80758959198713609    0
 421    0.18340051400958787  0.68862124268382341    0
 422    0.20993251261814153  0.70977009054495521    0
 423    0.19313599724178063  0.73347699563881996    0
 424    0.42121570793367619  0.7483770851050412    0
 425    0.24486304369372683  0.78452182147719129    0
 426    0.60909006587201897  0.65840163233278337    0
 427    0.60539636625829196  0.6891971977982515    0
 428    0.62067733809247383  0.7166930768085451    0
 429    0.63613496754479815  0.69010824453664665    0
 430    0.60433319626524473  0.73538752866550572    0
 431    0.66084116837250273  0.64395971944592367    0
 432    0.74476007260144261  0.64420669998106617    0
 433    0.74552778751756643  0.57779652151398786    0
 434    0.7192081821713765  0.58272479337213356    0
 435    0.75957927922121304  0.539047872331197    0
 436    0.82889951640880277  0.48337335249225954    0
 437    0.81386964273546958  0.53565219247157447    0
 438    0.78725503924760432  0.54583295432037293    0
 439    0.78621341302814263  0.50323152718023767    0
 440    1  0.75    2
 441    0.79619497515851401  0.56920378383288806    0
 442    0.78493917319073225  0.60783631212666267    0
 443    0.76691012767507094  0.51668816394120753    0
 444    0.69087910318110335  0.47362630194922423    0
 445    0.6600573502854955  0.50498552923676909    0
 446    0.7702613643600742  0.3902219479597544    0
 447    0.23033230404915553  0.36887661556351503    0
 448    0.61235122274549492  0.50445735707425565    0
 449    0.60475798374782186  0.80323990323399619    0
 450    0.66177281365681728  0.82562098706459142    0
 451    0.62593848395971163  0.8330954392563461    0
 452    0.63878049276634763  0.80502668889559637    0
 453    0.65507236906067334  0.78243055463873479    0
 454    0.68100305162722985  0.78198818800085423    0
 455    0.66208489108065749  0.91675360495091329    0
 456    0.60494147793552511  0.85204961880040053    0
 457    0.64446686884768223  0.87472785069156866    0
 458    0.64780703465750267  0.84830211160941149    0
 459    0.70720096482209804  0.86923336238596172    0
 460    0.6752394754157327  0.86519348770869442    0
 461    0.68760607897362469  0.89580672141325735    0
 462    0.66288781202250169  0.89171121697271449    0
 463    0.75592542495417259  0.92567341249329116    0
 464    0.6875  1    3
 465    0.72515618470607801  0.90298453263860823    0
 466    0.68906860713750662  0.92360927904558399    0
 467    0.54042889086960866  0.94029618587430797    0
 468    0.7314625340404558  0.62447719143049873    0
 469    0.83745453107728174  0.52175316533903393    0
 470    0.8506922079331356  0.5711756235199732    0
 471    0.8372123950169178  0.54830208859800766    0
 472    0.76589373669654237  0.59294746396546771    0
 473    0.76349293118262951  0.62452274137085095    0
 474    0.64191203404789932  0.48888036296338588    0
 475    0.19518930118543842  0.95457805949268448    0
 476    0.72911997582149557  0.92981718678585112    0
 477    0.74788479633797  0.96243188729806683    0
 478    0.35456180448202873  0.92430278188417692    0
 479    0.14583739226933579  0.77822355146928468    0
 480    0.21479677917989104  0.84657256976066297    0
 481    0.61756182712158036  0.96393118323898308    0
 482    0.55660471983073412  0.92384618475979741    0
 483    0.53684973707370542  0.91297199278882879    0
 484    0.57112808507997692  0.89707799349236483    0
 485    0.61087892856266801  0.89601426296849174    0
 486    0.63767550632492787  0.90343691385368363    0
 487    0.61669071188149926  0.92711369939573851    0
 488    0.5625  1    3
 489    0.5434252972756447  0.96317153347596962    0
 490    0.59375  0.98764306354552689    0
 491    0.64036097888067434  0.94497269952823704    0
 492    0.56983185635727329  0.97284863612099404    0
 493    0.56427116962410662  0.94831599688459223    0
 494    0.78952902802630642  0.84708738153237784    0
 495    0.75148891828796061  0.66654003842491782    0
 496    0.74605363954722825  0.72714840440151496    0
 497    0.77856859271625856  0.70494508279335089    0
 498    0.86287030228174988  0.67645388428032882    0
 499    0.81807535959870592  0.68287597515986875    0
 500    0.7940796387176402  0.68631615592555628    0
 501    0.82155445729000232  0.73549989595268206    0
 502    0.80593506687831473  0.71195933049528715    0
 503    0.83276332263797981  0.34023776368048364    0
 504    0.32108099191528661  0.28635328376739788    0
 505    0.17070408095367934  0.97298928441160337    0
 506    0.26374160455393336  0.37014388619963956    0
 507    0.92843166686708611  0.65754917471127228    0
 508    0.81520821933201981  0.42696007361928584    0
 509    0.51267739022489944  0.38812343839515362    0
 510    0.21486549155441503  0.29283063222413197    0
 511    0.20478868358578739  0.93320209767838158    0
 512    0.75648741038366563  0.36446375543333698    0
 513    0.60935679972936074  0.44508008010908201    0
 514    0.46225050093581105  0.39722646754767105    0
 515    0.67124274851557875  0.45675396812948921    0
 516    0.20945008782466171  0.38975883178800885    0
 517    0.68038000886750638  0.42740359290921209    0
 518    0.27102147187524783  0.45360776521450052    0
 519    0.22569852698619386  0.43064594511056054    0
 520    0.5523637615972895  0.39367051782838491    0
 521    0.41400510993155171  0.79531209570019068    0
 522    0.43652440372145285  0.82308111222820901    0
 523    0.375  1    3
 524    0.41900668183457002  0.85517890061598045    0
 525    0.4374577219613528  0.88399567145298674    0
 526    0.36961005505278399  0.85225583441084618    0
 527    0.44090376913924517  0.86147383026386326    0
 528    0.4375  1    3
 529    0.39492254603345012  0.84333843694849076    0
 530    0.47500904630598889  0.906068081217553    0
 531    0.4099346470010598  0.88130299566532078    0
 532    0.34024153342377078  0.94379293590132274    0
 533    0.42004892545889444  0.91992964184227888    0
 534    0.37170137219610472  0.90375008589315375    0
 535    0.33681756928087181  0.90786872018537368    0
 536    0.37554743175636035  0.936325248964476    0
 537    0.30789267541048454  0.927798430891972    0
 538    0.29614738355641557  0.87979709451683463    0
 539    0.32788411325840389  0.84191754644192651    0
 540    0.39393421324287398  0.91763974409016491    0
 541    0.35309062675045211  0.87673946618124443    0
 542    0.38350993773273767  0.87314794212459879    0
 543    0.3125  1    3
 544    0.32480714754539691  0.88177211953575807    0
 545    0.30900921625172756  0.90208760118359754    0
 546    0.26430581756964883  0.91302593132270948    0
 547    0.36381793744277541  0.96806413557089743    0
 548    0.31017084563069719  0.96390084214556249    0
 549    0.46830418290842052  0.98115780610199965    0
 550    0.34375  1    3
 551    0.28125  0.9838915631427777    0
 552    0.38429177091680522  0.95759365906225713    0
 553    0.24645326245685895  0.95475304812782436    0
 554    0.27998380005364476  0.9476826497773243    0
 555    0.25773095583091543  0.97663151598060383    0
 556    0.25997959677085164  0.93585758081506176    0
 557    0.125  1    3
 558    0.28464641367306137  0.924698823131895    0
 559    0.74155760627110501  0.48609263564452893    0
 560    0.73130179336000078  0.45908173092304011    0
 561    0.66983008135646149  0.35848752690722718    0
 562    0.5  0    1
 563    0.8224443081979872  0.59780765739325092    0
 564    0.875  1    3
 565    0.1238343659323821  0.78484428675224016    0
 566    0.17551759164559202  0.77763695241042652    0
 567    0.18953151798074352  0.81531023968370353    0
 568    0.15232427973168988  0.80935222830985354    0
 569    0.61949517473574145  0.87246738378361244    0
 570    0.59148801755609925  0.91465194540080641    0
 571    0.53125  1    3
 572    0.52003820190604866  0.97586666066208849    0
 573    0.70360640482443537  0.96211926356470412    0
 574    0.76392513926678962  0.88261660029672062    0
 575    0.79548343728353954  0.77262950461699109    0
 576    0.74535223344622425  0.26082664051073595    0
 577    0.86923615973515911  0.74814700588952077    0
 578    0.78154490229933238  0.46974772239486517    0
 579    0.53099187248073798  0.40183402936290513    0
 580    0.8175835371779544  0.31084856136277456    0
 581    0.8165988843343599  0.28038120854145537    0
 582    0.8784173348988551  0.48325455219703545    0
 583    0.80171456437234434  0.48074499354359845    0
 584    0.85850356469395439  0.40165845109933518    0
 585    0.7685832730931218  0.34228657796354534    0
 586    0.26898651210329677  0.4806444669445083    0
 587    0.24992215753679964  0.44519260318910531    0
 588    0.46672741592203792  0.49037374613567652    0
 589    0.47367054531510611  0.94544887010461409    0
 590    0.43354076777864925  0.95892602021369877    0
 591    0.44551355254174646  0.97849974149913443    0
 592    0.34899526725565511  0.82102859822296115    0
 593    0.28231557396271667  0.81908945692964497    0
 594    0.44697158033784612  0.91078878743211444    0
 595    0.33643946788330525  0.97313308746921168    0
 596    0.79088543404176381  0.38115018665836875    0
 597    0.80065326904204304  0.59145871694735697    0
 598    0.82294537049812555  0.57100159969589159    0
 599    0.87198398546958233  0.62205617351166875    0
 600    0.81363332425019741  0.64000149122011718    0
 601    0.8125  1    3
 602    0.22103908500055228  0.80682034389790991    0
 603    0.25122811202396822  0.81519845856790796    0
 604    0.26195119980283132  0.85565889601731904    0
 605    0.23120122068344992  0.82878233624618536    0
 606    0.17998688570449184  0.84886439183992346    0
 607    0.16850473703874691  0.82746365879447559    0
 608    0.19950074587142069  0.87975022204435938    0
 609    0.23369459438509319  0.87539993300124797    0
 610    0.12647153008241799  0.8672707411853785    0
 611    0.26102657920947453  0.88442868691847898    0
 612    0.098434164233656876  0.88499934813398073    0
 613    0.15904391011742983  0.86099081706720137    0
 614    0.22145696325117473  0.91673247901397115    0
 615    0.079984340452724706  0.85065803445655996    0
 616    0.11262584237389052  0.83850673421964628    0
 617    0.2186125627559907  0.89341240065266347    0
 618    0.15433112690096451  0.92415911665542394    0
 619    0.10233395749752189  0.86077746141080291    0
 620    0.14811847451662258  0.89193565811036302    0
 621    0.17323040814234833  0.88340062149088372    0
 622    0.11969413111779552  0.91412647071097519    0
 623    0.12609602305260947  0.95683159846957777    0
 624    0.050412056978842809  0.9110511767952223    0
 625    0.13270685898223036  0.93400815812439164    0
 626    0.081161777480838859  0.91992892617419142    0
 627    0.17289350385613206  0.80005620984083736    0
 628    0.7072281477707909  0.93875297526079993    0
 629    0.72560259563581853  0.98253004841072056    0
 630    0.66773151751399029  0.96923020706580409    0
 631    0.66991832938074636  0.94245280279682797    0
 632    0.65625  1    3
 633    0.64154755075781122  0.97698687375616144    0
 634    0.7494812085203223  0.90220455607555849    0
 635    0.73559767926900155  0.87577821560800773    0
 636    0.7319825050947576  0.82658762753610582    0
 637    0.72618497996422715  0.85174184567439315    0
 638    0.69680028700465302  0.83172407024556905    0
 639    0.75758655903524474  0.84573404414939757    0
 640    0.6920187845907636  0.80586606316936682    0
 641    0.67686645622915065  0.84256219378478403    0
 642    0.76632406074015869  0.80735652926203405    0
 643    0.66824696631955327  0.80250164440931637    0
 644    0.84685429638385479  0.91538868764999703    0
 645    0.7730894300876977  0.7608600538644692    0
 646    0.79525455071978557  0.74422904302431514    0
 647    0.90782405314862313  0.60914990320055018    0
 648    1  0.375    2
 649    0.40625  0.98462613081717643    0
 650    0.40886741827684853  0.96006555592879073    0
 651    0.31040856413031725  0.81990644145066538    0
 652    0.29713376697657312  0.8483887075707347    0
 653    0.44856401843349464  0.93717538294483083    0
 654    0.46672681651013503  0.45843735794144946    0
 655    0.85177276633688936  0.60061866354521132    0
 656    0.84240036100817317  0.62970123167324743    0
 657    0.86304332985457743  0.64852057350112957    0
 658    0.92209089935441868  0.71112302115562553    0
 659    0.83798795159798933  0.66233256401588914    0
 660    0.90338306206680308  0.64698322003628483    0
 661    0.80739797140918057  0.61668253605247325    0
 662    0.78125  1    3
 663    0.063293153859911272  0.88175207974211856    0
 664    0.079567245721356067  0.89740512839350284    0
 665    0  0.9375    4
 666    0.030864344348673217  0.88570859058317652    0
 667    0  0.90625    4
 668    0.046430586737956983  0.93908354550707973    0
 669    0.023946553238441172  0.921875    0
 670    0.0625  1    3
 671    0.03500877284632261  0.96499122715367736    0
 672    0.1875  1    3
 673    0.10364112279866292  0.93836537965302935    0
 674    0.109375  0.97800517496253137    0
 675    0.064903974411582091  0.96269941761560551    0
 676    0.08019106808432401  0.94403512445334081    0
 677    0.73866850786435234  0.79824909748636763    0
 678    0.71630252884851386  0.80793020871836718    0
 679    0.80038676496822136  0.9116625230669102    0
 680    0.88622187045359091  0.68321515570101476    0
 681    0.84675812588549071  0.45710568033507093    0
 682    0.94155830493492099  0.59145576515992926    0
 683    0.91825107879923129  0.74257638231891276    0
 684    0.796875  0.957143321487259    0
 685    0.796875  0.98141999889619325    0
 686    0.15625  1    3
 687    0.09375  1    3
 688    0.7965162618646846  0.87911292699367083    0
 689    0.8562343427452328  0.84930882276543962    0
 690    0.82533128788748344  0.89219142574969734    0
 691    0.82260031789495958  0.85664698963097263    0
 692    0.8581858830240563  0.88329152609974571    0
 693    0.81762704828196919  0.81186735903248042    0
 694    0.96116835579822846  0.80210005876041335    0
 695    0.81085789205451697  0.83528513154526529    0
 696    1  0.8125    2
 697    1  0.875    2
 698    0.91115059956780342  0.82949085667569078    0
 699    0.9411983517715673  0.84507585358532566    0
 700    0.45095904172286377  0.37708086332600377    0
 701    0.7383950569084784  0.28555052578463208    0
 702    0.14426100595009844  0.32752730988537937    0
 703    0.79240419656362959  0.20908449057677531    0
 704    0.81724239693341572  0.25245937190181106    0
 705    0.83913962063431979  0.29490231797556821    0
 706    0.8637093272441948  0.30563902739915189    0
 707    0.87759588257761945  0.55229174326911856    0
 708    0.82404280926529938  0.36708371074639334    0
 709    0.86456943443087053  0.3634886319161596    0
 710    0.25721739566049123  0.30228172796289682    0
 711    0.78553711711851892  0.41675188977666322    0
 712    0.76034802550116087  0.30976432523545805    0
 713    0.68334717458875749  0.24312586670245578    0
 714    0.70386191388213981  0.34950902332646311    0
 715    0.88367341557428347  0.65982793288902608    0
 716    0.5829787768140926  0.31353965122105554    0
 717    0.49175180054025969  0.46619392113345337    0
 718    0.42923908288352552  0.38492852594815852    0
 719    0.65877620574516726  0.40277549091632642    0
 720    0.88286502742359751  0.58473623055582047    0
 721    0.24668760351427321  0.34662886005804333    0
 722    0.74365037808663259  0.3382260556069967    0
 723    0.91330041296936582  0.5785860955720511    0
 724    1  0.59375    2
 725    1  0.5625    2
 726    0.90944624987795775  0.54643120033864712    0
 727    0.96592158616191148  0.5671738104990045    0
 728    0.93670325014613709  0.55947254296604987    0
 729    0.94571140268741605  0.50564023621178156    0
 730    0.95865238606774239  0.53547559866433125    0
 731    0.97683302424215923  0.609375    0
 732    0.93150512829824617  0.52952639189909578    0
 733    0.90033528637086102  0.51169783017572501    0
 734    0.9737276195051292  0.51121253505042341    0
 735    1  0.4375    2
 736    1  0.53125    2
 737    1  0.46875    2
 738    0.96445380344475307  0.59006452921558827    0
 739    0.91853005315586578  0.47501076669200404    0
 740    0.98070709828242364  0.546875    0
 741    0.90048441600025408  0.48891645645654036    0
 742    0.85874909975875957  0.71294900184062038    0
 743    0.87994441819819336  0.72579525248784715    0
 744    0.84704683727908059  0.73559691350526979    0
 745    0.83872746206067683  0.77619715043661019    0
 746    0.83246381911450351  0.70595770816580083    0
 747    0.39182356748705588  0.31735745393034265    0
 748    0.50010308655364122  0.34838143557875018    0
 749    0.88978437853019843  0.43725233366763439    0
 750    0.84468013296184286  0.4276978588340461    0
 751    0.86904007868841548  0.42394082394827154    0
 752    0.9026204111106122  0.39442956944990842    0
 753    0.71414227483814641  0.25270286921184087    0
 754    0.64973678798185441  0.078949408683875122    0
 755    0.58227006123273817  0.17035158367248074    0
 756    0.63107540647136362  0.10782353313067047    0
 757    0.73436418217823318  0.23902741002476802    0
 758    0.85150772382981599  0.19617622598762757    0
 759    0.6904992509347333  0.16533449007143564    0
 760    0.57406399378012885  0.13700253173234272    0
 761    0.87373403432075758  0.18189123769224219    0
 762    0.42777320112026201  0.27959590584076394    0
 763    0.89746459863451089  0.22463523411054384    0
 764    0.62911627572958295  0.27256455895339948    0
 765    0.6854598335960882  0.21286931921246124    0
 766    0.89157911253269295  0.19994337938917087    0
 767    0.65211736307311319  0.25026588313974057    0
 768    0.59483944239326836  0.21683348325492113    0
 769    0.60486889276802391  0.18918095265886359    0
 770    0.60204596656336218  0.12624237785765713    0
 771    0.66239439711228421  0.15831715840340616    0
 772    0.63463526772855194  0.1674577930755882    0
 773    0.67283507396086928  0.26901510118740363    0
 774    0.74051356747427977  0.21540266069426467    0
 775    0.34368912065018847  0.28107687258930636    0
 776    0.75565910751686005  0.13237435199428116    0
 777    0.62098844011917231  0.24116854496346751    0
 778    0.81569149999362811  0.17394705295757806    0
 779    0.38423249405415222  0.26237516995632615    0
 780    0.58347099547720838  0.26763118209701964    0
 781    0.62761985575984691  0.20782622031932602    0
 782    0.625  0    1
 783    0.59448948222623155  0.24342613260081436    0
 784    0.53135462366871911  0.22929664830478153    0
 785    0.56440578924102824  0.22973160276433907    0
 786    0.57182501317514733  0.061154442861424629    0
 787    0.68281089059829025  0.13740574381498202    0
 788    0.5485715817649327  0.17697814310409321    0
 789    0.60819759798451711  0.16220973496281554    0
 790    0.38230157449405433  0.29336903260578301    0
 791    0.75  0    1
 792    0.56588463207211759  0.20053463387561765    0
 793    0.83124164641563181  0.21312780039478299    0
 794    0.53837299075435452  0.20261412213381177    0
 795    0.46298484756346192  0.19704889483261712    0
 796    0.50016244561839451  0.20682780515167104    0
 797    0.69995024192340005  0.19271704878044785    0
 798    0.7673765504480341  0.25235033689327652    0
 799    0.86128148138703708  0.33460632087045988    0
 800    0.84330652861268862  0.31860450810486107    0
 801    0.93714314768900775  0.32637915145032631    0
 802    0.90075749969569363  0.34474068886684323    0
 803    0.16832647951883778  0.33350931981890797    0
 804    0.1547930476698211  0.2597739345029656    0
 805    0.23367667326603986  0.30815310234472387    0
 806    0.091709723229823764  0.19607393226773948    0
 807    0.29324321534326592  0.31073209956067643    0
 808    0.3409799553797469  0.33715875116250044    0
 809    0.27217201524219464  0.31954508754599137    0
 810    0.32187423613681071  0.31534223849664511    0
 811    0.35732377026137896  0.29986687870410705    0
 812    0.30801069302118367  0.34675731107590441    0
 813    0.29027797834257407  0.36678294234170195    0
 814    0.32880235088720877  0.38303232611662968    0
 815    0.32934736438589579  0.35862388383991745    0
 816    0.37928625729275511  0.37180265953526509    0
 817    0.59845487633640249  0.35501902583948847    0
 818    0.9844154128650805  0.65625    0
 819    0.97773138056636244  0.67909444197935798    0
 820    0.95650672735259645  0.66048428391319325    0
 821    0.94266607876152408  0.67888404292269533    0
 822    0.9845989742806055  0.71875    0
 823    0.95870383142386328  0.75093204184796181    0
 824    0.94203741803005403  0.72951915136865408    0
 825    0.97913517408918549  0.74086280556410933    0
 826    0.96162059288199564  0.71742535276269226    0
 827    0.89389739995004458  0.62669245683173425    0
 828    0.93442801724928959  0.61886632401742625    0
 829    0.9659605284018159  0.47704800858091956    0
 830    0.94200811750075464  0.48155118716182771    0
 831    0.94425657785219652  0.42807025255305775    0
 832    0.94943006395583629  0.45507549019966581    0
 833    0.97143879481214568  0.43686103198648979    0
 834    0.96893530342146539  0.39818130883014263    0
 835    0.97945065120391761  0.45842008923608185    0
 836    0.8909226205660018  0.80235069443087736    0
 837    0.93296201896548292  0.77345642191594932    0
 838    0.92098174134921351  0.80105536343350714    0
 839    0.92817215982181622  0.92604832484950483    0
 840    0.81607738434831023  0.78687467727468041    0
 841    0.79274456117132441  0.80086580627049786    0
 842    0.81822212602630762  0.76087790883039053    0
 843    0.42005497685976945  0.34586954488034843    0
 844    0.48431600152124488  0.37523668886203027    0
 845    0.47750974363362114  0.33996460200534567    0
 846    0.52792465890584062  0.29857247757444211    0
 847    0.53704117357147518  0.35855453201297266    0
 848    0.89515508260691279  0.46298491702307187    0
 849    0.91902877882831868  0.44457542796046162    0
 850    0.9096739227111037  0.41987901341843481    0
 851    0.87846792663372653  0.38526424933064313    0
 852    0.6262051749638855  0.14185650343172823    0
 853    0.55264971566438126  0.10930473252647732    0
 854    0.65404559179922983  0.30860210697214935    0
 855    0.50891042605492864  0.078852644134483979    0
 856    0.48483356583072024  0.26099354841833278    0
 857    0.49622009316167254  0.14625528452019709    0
 858    0.918915929224697  0.25099906497971647    0
 859    0.90353308898279583  0.30500877063079213    0
 860    0.9354813580049175  0.36831820078716582    0
 861    0.1801614935669506  0.2847848219675071    0
 862    0.14682183271829827  0.29323010857588383    0
 863    0.063710979997500278  0.17381723329891827    0
 864    0.10809617413393641  0.3075828313575269    0
 865    0.20406788510114945  0.26053666199754516    0
 866    0.13074552365017206  0.30927396236265153    0
 867    0.25  0    1
 868    0.25202995335721196  0.25417902560360162    0
 869    0.12583045872063048  0.20680079952452565    0
 870    0.22971332170082348  0.26991411157117701    0
 871    0.28511201245199741  0.27336404817328114    0
 872    0.093882996604466418  0.24699044265030654    0
 873    0.27805408086110434  0.29446852932637801    0
 874    0.15490524946655687  0.23475375027179959    0
 875    0.0591381423143129  0.24720646626810847    0
 876    0.086342581523643866  0.26971887661459332    0
 877    0  0.1875    4
 878    0.045866301487312237  0.26731306627624124    0
 879    0.24988817534528507  0.32410879581205632    0
 880    0.36584517038364911  0.32582894873370832    0
 881    0.38639328375775717  0.34477311178292247    0
 882    0.36171364591202509  0.35273307844941149    0
 883    0.12564959138897  0.2471328983963581    0
 884    0.30829616763977552  0.39893501478564464    0
 885    0.36224343366871498  0.41427736638146373    0
 886    0.60727764477240076  0.37866599945844831    0
 887    0.57512332528423338  0.37400373020884897    0
 888    0.56883320295747075  0.34244419492294725    0
 889    0.54115358101982147  0.3272456732626236    0
 890    0.51293716696514002  0.32287554573541205    0
 891    0.55632067996496304  0.30285974000706445    0
 892    1  0.40625    2
 893    0.85460689388262334  0.80966648662672303    0
 894    0.83537438074022041  0.79828965421436315    0
 895    0.8680835296743995  0.78277089108431852    0
 896    0.89894402282079888  0.76988367166021543    0
 897    0.83727547812430847  0.83023257264592543    0
 898    0.89397104520734016  0.74588865773426516    0
 899    0.87731354924071125  0.82858887755511501    0
 900    0.90558388651242794  0.8769818500557327    0
 901    0.88441410039563439  0.85689486562949579    0
 902    0.95842822924353077  0.77658867708769841    0
 903    0.91735371471669913  0.85428971329026582    0
 904    0.88601545069013254  0.91116531404982537    0
 905    0.40655181569742671  0.36965384086373765    0
 906    0.39855268996779453  0.40602070198159856    0
 907    0.42697724585696578  0.43201279197073023    0
 908    0.4390690577068877  0.40899719906481852    0
 909    0.43257015906113261  0.30524477495774416    0
 910    0.51527452083190139  0.36544146478077105    0
 911    0.65392114569469673  0.1862872223426866    0
 912    0.54449072550346378  0.07438564506588749    0
 913    0.65199764507933122  0.28337747398921392    0
 914    0.67947599428731731  0.29998290466468869    0
 915    0.67025958744555192  0.33091169107164625    0
 916    0.63475494140454369  0.34414995297843837    0
 917    0.61821191604000303  0.30674907289562797    0
 918    0.59685386124195228  0.29073154298451831    0
 919    0.63541389481331545  0.32149942067358456    0
 920    0.60427218983816866  0.32922178515952266    0
 921    1  0.125    2
 922    0.50233667037363128  0.23669501423855477    0
 923    0.5246710100966655  0.26368855751343051    0
 924    0.46858933598530184  0.23083892412102941    0
 925    0.50333629562043869  0.28327215711614395    0
 926    0.4752553530257011  0.28777110886128193    0
 927    0.41923266724662828  0.22166552850900006    0
 928    0.4455755550367676  0.21729623932142619    0
 929    0.43842392669103197  0.25577496259154292    0
 930    0.42638429559236385  0.18318680523888334    0
 931    0.46061144889100519  0.26743122826738547    0
 932    0.48808074114358857  0.17719958688958468    0
 933    0.518336073003829  0.17979636010183705    0
 934    0.45447896013727485  0.15181862451173789    0
 935    0.46461965020819151  0.17332652534971385    0
 936    0.8788122528915574  0.24675682159182441    0
 937    0.91397522229106332  0.32570114394546384    0
 938    0.88512392629861225  0.32368565232988411    0
 939    0.93923086237453401  0.28598058149799915    0
 940    0.90945224270745395  0.36929407175545653    0
 941    0.96971815204191247  0.32463227764757197    0
 942    0.93871691960087478  0.39836341713389217    0
 943    0.073878275000594476  0.32520609799818478    0
 944    0.13391806761742708  0.27247798642676457    0
 945    0  0.125    4
 946    0.10985672766254845  0.22689562108741609    0
 947    0.1096398509888409  0.27525754121231349    0
 948    0.065426130765484439  0.28137827873226351    0
 949    0  0.21875    4
 950    0.076355975975802667  0.22223391364607245    0
 951    0.034899958109295054  0.21207308893959739    0
 952    0.13410718612890682  0.065972476188350421    0
 953    0  0.28125    4
 954    0.030635850632234493  0.24094239179787538    0
 955    0.12272067785198108  0.15706240782418432    0
 956    0.11471437329771651  0.18252939584737246    0
 957    0.092074425337350357  0.16141985145333873    0
 958    0.056102048689786535  0.11776462719364811    0
 959    0.10246860502578271  0.12457545085167326    0
 960    0.067879032768744338  0.14470869073484732    0
 961    0  0.15625    4
 962    0.33750086715462818  0.40724069552147202    0
 963    0.35614772130203859  0.38687358102731051    0
 964    1  0.84375    2
 965    0.97093653919112488  0.859375    0
 966    0.96374440672559902  0.93391722417118062    0
 967    0.94003489345329694  0.88045227994524722    0
 968    0.96643057664092369  0.83067303983614427    0
 969    1  0.9375    2
 970    0.94139330157906553  0.90514688484320327    0
 971    0.94063034700886783  0.81868418211425598    0
 972    0.88274536878234677  0.8866006054037201    0
 973    0.9124000938612441  0.90357654981457614    0
 974    0.87086846475632362  0.95438739417719809    0
 975    0.38688809117573475  0.43868938993743911    0
 976    0.37825947462447052  0.46774863157987218    0
 977    0.44645167689258408  0.4446315536904405    0
 978    0.44823281872430742  0.32905789353926918    0
 979    0.41543894272464948  0.32220734646103388    0
 980    0.64670176752778519  0.36499581836930506    0
 981    0.66128810922685088  0.21850968073233262    0
 982    0.52682577588249702  0.13294502698760116    0
 983    0.53155323090046147  0.15799652168867162    0
 984    0.49951056165768798  0.11197883650356706    0
 985    0.51900694148570714  0.099614369600881381    0
 986    0.4723683353902024  0.12666940173047789    0
 987    0.40001902465299582  0.059353139914564319    0
 988    0.4307163895406213  0.11597838694502803    0
 989    0.3224847813073734  0.24129482630652624    0
 990    0.55455565624116587  0.2584317872376099    0
 991    0.56351139584947463  0.28032503224463956    0
 992    0.54076105968253918  0.27978152192344358    0
 993    0.49558434355735459  0.30611687031679491    0
 994    0.40186039896851194  0.27652964148315873    0
 995    0.85519685717162364  0.24425873998172132    0
 996    0.870253379100418  0.21479530698306845    0
 997    0.89623470866117316  0.27373457949491875    0
 998    0.91936466020354968  0.27412800975088164    0
 999    0.88342951696412053  0.29321159329556551    0
1000    0.92676287280036418  0.30558949090747689    0
1001    0.95946218476784328  0.25084204012827127    0
1002    0.97474352878322934  0.3735595986429972    0
1003    0.94671261149986219  0.34776077913475423    0
1004    0.95243375991971035  0.30691610935196123    0
1005    0.096589229846952493  0.32727149760900059    0
1006    0.33286491447682182  0.19742583898296212    0
1007    0.082921230297558629  0.30073327178106385    0
1008    0  0.3125    4
1009    0.059651632990504938  0.20073700241149628    0
1010    0.18113236002921179  0.17837676088249088    0
1011    0.14801746559770756  0.18195811355797945    0
1012    0.16739861539149467  0.20627673760206339    0
1013    0.21606991560676453  0.2129049505513988    0
1014    0.18762392061224822  0.23212897038251135    0
1015    0.1928401709993619  0.20147012450677182    0
1016    0.22158861892197285  0.17238083524209177    0
1017    0.17949794524032994  0.25579593055189231    0
1018    0.12652135011068946  0.13213714610752811    0
1019    0.16799650926396142  0.13852197139152206    0
1020    0.16265078343193395  0.16237601953108308    0
1021    0.91136674351481339  0.95066136886631469    0
1022    0.028562153410399482  0.12534553546351496    0
1023    0  0.0625    4
1024    0.032452422365452968  0.085664221462820628    0
1025    0.035515894199329483  0.18256003872959822    0
1026    0.97190329024576094  0.89241919572519401    0
1027    1  0.96875    2
1028    1  0.90625    2
1029    0.97814322067797577  0.91519709081002698    0
1030    0.86814877872205032  0.92916915526779309    0
1031    0.34211316105793765  0.45381578001882422    0
1032    0.32879432879268716  0.47308091977064737    0
1033    0.36208018194902691  0.43908793975315757    0
1034    0.41979327515090264  0.14901813646444756    0
1035    0.37728465146381701  0.17493793309582858    0
1036    0.39880068725209156  0.12375238266075364    0
1037    0.40337283347495656  0.16990561117392133    0
1038    0.39575452901300157  0.20054972362526127    0
1039    0.31516937901043063  0.11524670341836928    0
1040    0.38157631769641842  0.23992440553659566    0
1041    0.36406384531536085  0.20393773165394402    0
1042    0.375  0    1
1043    0.34070236040168028  0.13334426010837747    0
1044    0.31441199438245154  0.14337567379646723    0
1045    0.46867568753908001  0.087427667235059403    0
1046    0.49058528905835647  0.091549462056241732    0
1047    0.73193224702162707  0.1663563085109328    0
1048    1  0.1875    2
1049    0.70838059435792222  0.22239426872182882    0
1050    0.34377082985618185  0.22316891010398468    0
1051    0.36208589659467011  0.26691612985939539    0
1052    0.34637343501723056  0.2477867846062837    0
1053    0.41044266772832766  0.24906469688151428    0
1054    0.86827784044356293  0.27126071200296292    0
1055    1  0.3125    2
1056    1  0.34375    2
1057    0.97567245518250778  0.34874244626251766    0
1058    0.036845519858923419  0.31939737896217862    0
1059    0.020302776706262186  0.265625    0
1060    0.031422735864489924  0.29163483895271991    0
1061    0.27258975692676973  0.19996416790207466    0
1062    0.08419738720960275  0.087729836418086501    0
1063    0.19772029746791922  0.15081736099417262    0
1064    0.19767794593310994  0.10884380310257744    0
1065    0.10166998305233749  0.10201845001224112    0
1066    0  0.09375    4
1067    0.019903328540732117  0.10446528955619973    0
1068    0.88191112037376274  0.97638058131800609    0
1069    0.039336706840817054  0.15306584072291102    0
1070    0.9375  1    3
1071    0.93881608693065588  0.96226987863562785    0
1072    0.96875  0.984375    0
1073    0.97522165696653873  0.95825581393307757    0
1074    0.35607733675889064  0.47144222883838527    0
1075    0.31884761748262053  0.44735034427269593    0
1076    0.37075516990255442  0.14207829342512943    0
1077    0.39430837400606061  0.14750049433105697    0
1078    0.34407688336343523  0.16445803987963881    0
1079    0.30144949447008201  0.16835138603913269    0
1080    0.32362995137440037  0.17589470404840249    0
1081    0.25951958289254118  0.13073793305627662    0
1082    0.28890947882402651  0.12861432595184943    0
1083    0.26978398018628552  0.068359032335880865    0
1084    0.28860879288336877  0.095546828221360763    0
1085    0.40790130699227628  0.091713406847272583    0
1086    0.35593898906846738  0.084787213447122367    0
1087    0.2285790315383445  0.14065174080697734    0
1088    0.25587076770331796  0.098103574023199885    0
1089    0.43673562431245538  0.06754985908605679    0
1090    0.38293252471258193  0.080655165746737562    0
1091    0.37078964320231395  0.1115080145423976    0
1092    0.3404754424479256  0.10660399539553884    0
1093    0.31995761823381769  0.075672533678696169    0
1094    0.20790711594264341  0.12982028212992172    0
1095    0.22747935627270763  0.10729352399658709    0
1096    0.23388319648020267  0.078626376681986729    0
1097    0.12393664536143684  0.098323611241855291    0
1098    0.43234144352075654  0.091592034113311876    0
1099    0.3125  0    1
1100    0.37205664000781147  0.054427932705814121    0
1101    0.37326535342593303  0.027199745616119736    0
1102    0.4375  0    1
1103    0.40625  0.015648134787945314    0
1104    0.34223955423638508  0.063289609881140935    0
1105    0.43485683158187244  0.033749344906666    0
1106    0.39498081655924394  0.036338173757770695    0
1107    0.46875  0.019425601455003053    0
1108    0.49544824377985908  0.02752634791275348    0
1109    0.47301010676369443  0.053431330381609729    0
1110    0.49882126607685878  0.053118080776871184    0
1111    0.45071975473293668  0.04982008166744091    0
1112    0.45482741750586753  0.10852539602829667    0
1113    0.83357414957099063  0.23611516170749491    0
1114    0.9178423803703295  0.20673068727521005    0
1115    0.91658914550875259  0.15737395324791403    0
1116    0.92585087655429232  0.18183306293773469    0
1117    1  0.21875    2
1118    0.52444061757590443  0.058618247716283434    0
1119    0.66468382274155291  0.109077194235565    0
1120    0.60651591192744503  0.10120165963008568    0
1121    0.58021041590415146  0.10942526003102386    0
1122    0.56532261797193883  0.087930921402600989    0
1123    0.71876608850942081  0.063474169109922013    0
1124    0.68614498372342902  0.079658192535720596    0
1125    0.69249623789311143  0.11124430548472967    0
1126    0.72008287091321355  0.10709647637263917    0
1127    0.7094118423675847  0.085587564082857975    0
1128    0.6875  0    1
1129    0.68670913729331096  0.039827168063361534    0
1130    0.69666156301868332  0.059887638437164804    0
1131    0.66832668677578777  0.059486312541174223    0
1132    0.63023240184599616  0.041710585872553649    0
1133    0.81322896909332421  0.19760055087248271    0
1134    0.77379725277805067  0.17031301160185042    0
1135    0.72666828524344729  0.19255119451729649    0
1136    0.75480564736037803  0.19112331911345642    0
1137    0.30903044774949195  0.26342675474293781    0
1138    0.28615799609660053  0.23436673543314346    0
1139    0.3031109223927248  0.20780365285976329    0
1140    0.25820429496016661  0.22551465250434433    0
1141    0.23242388183219809  0.23495868644316228    0
1142    0.24286937041283113  0.20005586478803064    0
1143    0.25762753866097265  0.16694212461855237    0
1144    0.27923605364573184  0.17705204842181263    0
1145    0.98037146330847691  0.28125    0
1146    0.97991287533008886  0.25917248360686995    0
1147    0.95867018637598445  0.27377949118538131    0
1148    0.016953556248441963  0.34622510995560268    0
1149    0.057990868822690021  0.30554106314619034    0
1150    0.125  0    1
1151    0.90625  0.98002193576868746    0
1152    0.16236971648681817  0.092631915962164399    0
1153    0.14584503932782292  0.11365448958694338    0
1154    0.90393811131230506  0.92754544574527642    0
1155    0.93910606983142264  0.22949197763899917    0
1156    0.73713977906528383  0.082167339894531566    0
1157    0.5568715533642199  0.038010221420041762    0
1158    0.65199867591246241  0.13316060067707608    0
1159    0.763289523951452  0.083961213082221681    0
1160    0.72576381050329253  0.13677513148007012    0
1161    0.734375  0.031733126196101712    0
1162    0.65625  0.017263314065345294    0
1163    0.65385827631039461  0.040785994016825616    0
1164    0.61911128065814403  0.07126270541570412    0
1165    0.5625  0    1
1166    0.52853415203994913  0.018857919791261189    0
1167    0.59375  0    1
1168    0.51577524985343748  0.037635213231617906    0
1169    0.75398516199574195  0.15647982592637624    0
1170    0.79792412605310381  0.13547298696731991    0
1171    0.27448914679094621  0.25356643826478897    0
1172    0.025710198678128966  0.015625    0
1173    0.24206579374804263  0.039338645886972202    0
1174    0.058132918799642802  0.091506399713237777    0
1175    0.051438159223976036  0.061571550928901896    0
1176    0.0625  0    1
1177    0.025445430474665551  0.046875    0
1178    0  0.03125    4
1179    0.052180064774285002  0.029925389152761991    0
1180    0.09375  0    1
1181    0.073980791708177285  0.046268257949146838    0
1182    0.10354485799009845  0.057643439068198729    0
1183    0.19478799255088386  0.068582664292467066    0
1184    0.17368930745148028  0.11453395966311938    0
1185    0.74743800722382425  0.10627073458116931    0
1186    0.96315992593051403  0.15372246349254018    0
1187    0.71875  0    1
1188    0.75206741137172806  0.056056125580795368    0
1189    0.875  0    1
1190    0.8125  0    1
1191    0.78783071348861455  0.057882855456705733    0
1192    0.71127232403091567  0.040080625612276398    0
1193    0.79251657807812237  0.086879008591301349    0
1194    0.82124671892255618  0.092987464256616081    0
1195    0.703125  0.017822760891469273    0
1196    0.80253826167101483  0.11036165928326115    0
1197    0.838078630239251  0.12987168278447664    0
1198    0.77471260813785581  0.11202723315737342    0
1199    0.78125  0    1
1200    0.7657117903513152  0.027535102558351114    0
1201    0.59757411195650623  0.056356908172238311    0
1202    0.609375  0.023143567996097712    0
1203    0.58156479133552164  0.025072908713786746    0
1204    0.79581509649201387  0.15978647081857034    0
1205    0.24829874633406168  0.061132780289974861    0
1206    0.31365340937859665  0.03809007554792597    0
1207    0.12656839149116872  0.033398330953666969    0
1208    0.097595205155168424  0.029000514957343196    0
1209    0.1875  0    1
1210    0.16555491029057262  0.041534931942014394    0
1211    0.074714357764943451  0.020954326350126978    0
1212    0.15063948190374152  0.015531956870657993    0
1213    0.21910185199221499  0.055051837893033903    0
1214    0.21875  0    1
1215    0.18721270044455354  0.026413043216373062    0
1216    0.21713283194750893  0.027537379121823982    0
1217    0.21072127984395775  0.087673259581927579    0
1218    0.18518071535059252  0.089506566908123447    0
1219    0.9486877890710993  0.20115428471055483    0
1220    0.95054846906337609  0.17579826509579283    0
1221    0.97324839847664302  0.19021031558346235    0
1222    0.82021202064193754  0.14851993937164559    0
1223    0.85045843454485048  0.15961557513968924    0
1224    0.88251803402918305  0.12882367674468523    0
1225    0.83781239164876087  0.17827389879370448    0
1226    0.87700789133101664  0.15517237679946777    0
1227    0.79732285101631328  0.027729970766514029    0
1228    0.84375  0.035122087900239685    0
1229    0.8218558817105458  0.023139013776455469    0
1230    0.84375  0    1
1231    0.26605176512743084  0.044176373261330996    0
1232    0.34375  0.01166223681635054    0
1233    0.34891722758256771  0.037649194613253195    0
1234    0.16876853447666021  0.067383025698110693    0
1235    0.85955408486309914  0.097788791986275408    0
1236    0.29658238458648667  0.060273600824049339    0
1237    0.28712887670443765  0.019830766542452669    0
1238    0.26303498942323805  0.020268095915395284    0
1239    0.86011067619878645  0.12139036122676186    0
1240    0.83891926383733995  0.10720537965991955    0
1241    0.84377784015056634  0.068441256221500241    0
1242    0.8154478320107853  0.065050794797820263    0
1243    0.89778506629385635  0.051736534174173926    0
1244    0.87416293796151756  0.071021409399414176    0
1245    0.87091870130777138  0.042937667713198124    0
1246    0.91331356225828542  0.094867319023256041    0
1247    0.88636441596744475  0.09505085185185537    0
1248    0.31071823940119297  0.769541053417924    0
1249    0.29708494850508893  0.79464087417892004    0
1250    0.26993818560153976  0.79492690722147985    0
1251    0.26572292524632296  0.76966848740689064    0
1252    0.78456112646613674  0.6452258192882866    0
1253    0.03125  1    3
1254    0  0.96875    4
1255    0.82180293427107487  0.93619213448385319    0
1256    0.21875  1    3
1257    0.22082393736887984  0.95388759531063227    0
1258    0.203125  0.97928327864127207    0
1259    0.23174559372438794  0.97748164510694746    0
1260    0.13183659229809838  0.35230035648079844    0
1261    1  0.78125    2
1262    0.98070356724353147  0.76563573126976958    0
1263    0.84375  1    3
1264    0.82300532968467333  0.96292810441645516    0
1265    0.84513112997932704  0.94853801932696069    0
1266    0.85276578427204508  0.97449244082149233    0
1267    0.76786097637133677  0.22375886513149898    0
1268    1  0.15625    2
1269    0.98065109351529955  0.16852495581071722    0
1270    0.97002769414692924  0.22253894437549121    0
1271    0.9375  0    1
1272    0.95726730897898538  0.10817727797737911    0
1273    0.91372687885075154  0.12618480324292813    0
1274    0.93264035277466639  0.11027372068833281    0
1275    1  0.0625    2
1276    0.93964491911821901  0.13779678226188444    0
1277    0.91762800582623683  0.068953201815508861    0
1278    0.97366515105695173  0.12920951697348451    0
1279    0.92963356373889527  0.035073038775601709    0
1280    0.90113660266656359  0.019374894332059661    0
1281    0.95871358678255059  0.064444837659283119    0
1282    0.96875  0    1
1283    0.984375  0.03125    0
1284    0.93708234196246099  0.056779728075702127    0
1285    0.97888819396427773  0.053524653017861114    0
1286    0.95648079849383949  0.025665850753080227    0
1287    0.98046764624036653  0.087054402411895188    0
1288    0.94008901916420362  0.084180149891919825    0
1289    0.79761879135944846  0.46162049775559916    0