0  2  0  1
104  1
   1       2  1282       1
   2       3  1027       2
   3       4  1253       3
   4       1  1178       4
   5       6   141       4
   6      14   953       4
   7      24   391       4
   8      37   113       4
   9      38    47       4
  10      30    43       4
  11      43     6       4
  12      47    30       4
  13     170   737       2
  14     285   571       3
  15     113   157       4
  16      28   283       4
  17     283    37       4
  18     141    28       4
  19     157    24       4
  20     158   667       4
  21     138   158       4
  22     335   662       3
  23     350   632       3
  24     391   138       4
  25     142   543       3
  26     440   400       2
  27     488   350       3
  28     464   335       3
  29     523   528       3
  30     543   550       3
  31     550   523       3
  32     564  1070       3
  33     571   488       3
  34     528   285       3
  35     601  1263       3
  36     557   686       3
  37     632   464       3
  38     665  1254       4
  39     667   665       4
  40     670   687       3
  41     672  1256       3
  42     662   601       3
  43     687   557       3
  44     562  1102       1
  45     686   672       3
  46     396   724       2
  47     394  1117       2
  48     400   396       2
  49     725   736       2
  50     724   725       2
  51     736   170       2
  52     648  1056       2
  53     735   892       2
  54     737   735       2
  55     892   648       2
  56     697   964       2
  57     696  1261       2
  58     867  1214       1
  59     945   961       4
  60     877   949       4
  61     964   696       2
  62    1008    38       4
  63     949    14       4
  64    1023  1066       4
  65     961   877       4
  66     969  1028       2
  67    1028   697       2
  68     791  1187       1
  69    1055   394       2
  70    1056  1055       2
  71     953  1008       4
  72    1066   945       4
  73    1027   969       2
  74    1070     3       3
  75    1042  1099       1
  76    1102  1042       1
  77     921  1275       2
  78     782  1167       1
  79    1128   782       1
  80    1150  1180       1
  81    1165   562       1
  82    1178  1023       4
  83    1176     1       1
  84    1048  1268       2
  85    1187  1128       1
  86    1189  1230       1
  87    1190  1199       1
  88    1199   791       1
  89    1167  1165       1
  90    1180  1176       1
  91    1209  1150       1
  92    1214  1209       1
  93    1117  1048       2
  94    1230  1190       1
  95    1099   867       1
  96    1253   670       3
  97    1254     4       4
  98    1256   142       3
  99    1261   440       2
 100    1263   564       3
 101    1268   921       2
 102    1275     2       2
 103    1271  1189       1
 104    1282  1271       1
0