111  2  0  1
   1    0  0    1
   2    0.5  0    1
   3    1  1    2
   4    0  2    3
   5    0  1    4
   6    0  0.5    4
   7    0.25  0.25    0
   8    0  0.25    4
   9    0.25  0    1
  10    0.125  0.25    0
  11    0.1875  0.4375    0
  12    0.0625  0.375    0
  13    0.1875  0.33333333333333331    0
  14    0.42203646336317596  0.33937673507843019    0
  15    0.59256315437939366  0.50059342281030317    0
  16    0.625  0.25    2
  17    0.50495915594614615  0.23189542202692692    0
  18    0.38598172169811318  0.25601906446540879    0
  19    0.50837540391543301  0.36755532608077113    0
  20    0  0.125    4
  21    0.1875  0.125    0
  22    0.75  0.5    2
  23    0.09375  0.15625    0
  24    0.125  0    1
  25    0.375  0    1
  26    0.44537859743291752  0.1308891729875267    0
  27    0.6875  0.375    2
  28    0.34375  0.38541666666666663    0
  29    0  0.75    4
  30    0.328125  0.1328125    0
  31    0.5625  0.125    2
  32    0.59919494068410051  0.34102752965794975    0
  33    0.43990215921639525  0.50404228086557146    0
  34    0.875  0.75    2
  35    0.30120084956762222  0.51818588203619997    0
  36    0.39832519608611616  0.78348088289561035    0
  37    0.14394435495298608  0.61933306485895834    0
  38    0.38353803125969788  0.63846837139495216    0
  39    0.20225224295513011  0.53716681427049551    0
  40    0.26270780424803375  0.64183980719515177    0
  41    0.17216136660997824  0.79503621537578473    0
  42    0.18977548195194716  0.70209015223411853    0
  43    0.28416323059115334  0.76811952820083385    0
  44    0.67677669529663687  1.323223304703363    3
  45    0.26257241180167967  0.9247603070292475    0
  46    0.51880442613251043  0.61615520311785965    0
  47    0.51519521114531375  0.45639613421068814    0
  48    0.33487072003046814  1.1743715414548275    0
  49    0  1.5    4
  50    0.34368113495808356  0.98613855801806793    0
  51    0.23931109338968776  1.0119596046368251    0
  52    0.12323807085535474  0.93429367221784199    0
  53    0.17340218547169445  1.4283204608475812    0
  54    0  0.875    4
  55    0  1.125    4
  56    0.075621698523701084  0.8125    0
  57    0.14709565103272254  1.1585663863593527    0
  58    0.35355339059327373  1.6464466094067263    3
  59    0.098723110835060066  1.2447844359550388    0
  60    0.17752093313185291  1.3044866798202546    0
  61    0.060724956037419467  1.3767878364934141    0
  62    0.10556883212874303  1.0495785948564418    0
  63    0  1.625    4
  64    0  1.25    4
  65    0.24739361607745822  1.5277037471824795    0
  66    0.51516504294495524  1.4848349570550448    3
  67    0  1.75    4
  68    0.27270603811907346  1.4316233359382309    0
  69    0.38217056823953599  1.511836298730852    0
  70    0.12018940811795875  1.5451728477437159    0
  71    0.23681484364482105  1.215991457085239    0
  72    0.33478459294923946  1.3104876479673073    0
  73    0.5085481424252859  1.242539515856967    0
  74    0.42766352805778313  1.3948795518652313    0
  75    0.40835643026414736  1.242476119834609    0
  76    0.55081415026922176  1.362623335782726    0
  77    0  0.625    4
  78    0.54849322636250086  0.76456904980609375    0
  79    0.48222353381317429  0.84401445151209431    0
  80    0.61344631426029395  0.59524195466665331    0
  81    0.51742636412357546  0.94129756793497199    0
  82    0.46461211600519042  0.70417227386166892    0
  83    0.38607093766399331  0.88887255331765913    0
  84    0.75555226159065891  0.65347386920467054    0
  85    0.70327955556216648  0.57852758427423323    0
  86    0.71481516912575316  0.8260538897209696    0
  87    0.65076591225682423  0.70667897838308735    0
  88    0.77663882726477906  0.74954925740998279    0
  89    0.83838834764831849  1.1616116523516815    3
  90    0.46797065991500636  1.0905918100158192    0
  91    0.36943520188155327  1.0816666818341614    0
  92    0.43948304055002485  0.99831635596253654    0
  93    0.57639247767759061  1.0436694287372783    0
  94    0.6462423406046508  0.93526781253128166    0
  95    0.58504735151976694  1.1576295882522942    0
  96    0.60655242555841615  1.2539202551398836    0
  97    0.71139818609381389  1.1799577783735877    0
  98    0.61525372273682244  0.83967620860373304    0
  99    0.82270144070210194  0.96992770424714347    0
 100    0.70588681582267498  1.0504055358297801    0
 101    0.74112813182267601  0.91870976080413369    0
 102    0.9375  0.875    2
 103    0.80409249686860362  1.0679344724783533    0
 104    0.91919417382415913  1.0808058261758409    3
 105    0.91482831529669828  0.96446084235165086    0
 106    0.82912166362606943  0.85106416818696529    0
 107    0.17677669529663692  1.823223304703363    3
 108    0.051776695296636956  1.875    0
 109    0.092149688349009981  1.6875    0
 110    0.2651650429449553  1.7348349570550448    3
 111    0.19917614921414378  1.6361686861842324    0