0  2  0  1
32  1
   1       2    25       1
   2       3   102       2
   3       4   107       3
   4       1    20       4
   5       5    55       4
   6       6    77       4
   7       8     6       4
   8      20     8       4
   9       9    24       1
  10      24     1       1
  11      25     9       1
  12      22    27       2
  13      16    31       2
  14      31     2       2
  15      29    54       4
  16      27    16       2
  17      49    63       4
  18      54     5       4
  19      58    66       3
  20      64    49       4
  21      55    64       4
  22      44    89       3
  23      67     4       4
  24      66    44       3
  25      63    67       4
  26      77    29       4
  27      34    22       2
  28      89   104       3
  29     102    34       2
  30     104     3       3
  31     107   110       3
  32     110    58       3
0