0  2  0  1
60  1
   1       2    52       1
   2       3   358       2
   3       4   412       3
   4       1   381       4
   5       5   261       4
   6       6   163       4
   7       8    15       4
   8      14    43       1
   9      15     6       4
  10      11     8       4
  11      45    14       1
  12      52    45       1
  13      50   119       2
  14      63    90       2
  15      90   102       2
  16     102     2       2
  17      96   113       2
  18      86   335       2
  19     119    96       2
  20     113    63       2
  21     148   281       3
  22      75   196       4
  23     176   194       4
  24     194    75       4
  25     196   221       4
  26     163   176       4
  27     219   400       4
  28     221     5       4
  29     232   324       3
  30     240   127       2
  31     267   275       3
  32     275   232       3
  33     281   267       3
  34     128   365       2
  35     127    86       2
  36     229   341       4
  37     202   359       3
  38     335   128       2
  39     340   219       4
  40     341   340       4
  41     261   346       4
  42     346   229       4
  43     358   240       2
  44     359     3       3
  45     324   202       3
  46     365    50       2
  47     306   391       3
  48     298   350       3
  49     350   148       3
  50     381    11       4
  51      43     1       1
  52     391   298       3
  53     385   410       4
  54     396   385       4
  55     400   396       4
  56     403   407       3
  57     410   420       4
  58     412   403       3
  59     407   306       3
  60     420     4       4
0