422  2  0  1
   1    0  0    1
   2    0.5  0    1
   3    1  1    2
   4    0  2    3
   5    0  1    4
   6    0  0.5    4
   7    0.25  0.25    0
   8    0  0.25    4
   9    0.171875  0.421875    0
  10    0.125  0.25    0
  11    0  0.125    4
  12    0.0625  0.25    0
  13    0.03125  0.3125    0
  14    0.25  0    1
  15    0  0.375    4
  16    0.090624999999999997  0.38124999999999998    0
  17    0.046614583333333327  0.35924479166666667    0
  18    0.09375  0.15625    0
  19    0.03125  0.1875    0
  20    0.09375  0.20833333333333334    0
  21    0.171875  0.18229166666666666    0
  22    0.1875  0.24318910256410256    0
  23    0.20910469521918024  0.33510440691780918    0
  24    0.21452852513762635  0.28533279119559773    0
  25    0.31384969014168851  0.50192927540438037    0
  26    0.0625  0.03125    0
  27    0.31033047136408676  0.26293260318171008    0
  28    0.32827950686686108  0.1608868690917917    0
  29    0.146484375  0.12825520833333331    0
  30    0.41137450603458359  0.31718778810904302    0
  31    0.34376292752493026  0.21107424922478482    0
  32    0.28917050207870509  0.20043457784522783    0
  33    0.099609374999999986  0.3134765625    0
  34    0.15828874053645925  0.30438543377520955    0
  35    0.15689756135732238  0.36407663407141333    0
  36    0.093377976190476178  0.47730654761904756    0
  37    0.28993055555555558  0.125    0
  38    0.21822789545560206  0.12752789400278941    0
  39    0.28230106653570491  0.31789959750589658    0
  40    0.2520331657153162  0.068228313575508556    0
  41    0.23482930420674464  0.18857836694093566    0
  42    0.305948862559834  0.59257582305407697    0
  43    0.125  0    1
  44    0.3897133075119445  0.27740383360344284    0
  45    0.375  0    1
  46    0.3273258040887182  0.059002302628278866    0
  47    0.28593703900675482  0.033073546658544929    0
  48    0.2654859741866108  0.41066745903142704    0
  49    0.3397441355737616  0.10963190124962846    0
  50    0.75  0.5    2
  51    0.40947905646401805  0.15213977487790414    0
  52    0.4375  0    1
  53    0.40625  0.070534311174056674    0
  54    0.40310562159193386  0.36172536895505392    0
  55    0.36974690274104322  0.044517129514361084    0
  56    0.45630152330868412  0.32297861502698172    0
  57    0.25372410913518717  0.36062762301425194    0
  58    0.3388749892781735  0.37606206215799476    0
  59    0.3276471426621958  0.33038763616328676    0
  60    0.36250501079487901  0.52129734261220362    0
  61    0.32986130647583528  0.45206856544553975    0
  62    0.31061311857779283  0.41124818250639256    0
  63    0.625  0.25    2
  64    0.23098638737821403  0.54100211859209446    0
  65    0.38465452869945371  0.46854240496070737    0
  66    0.44292384905028159  0.47939661713056969    0
  67    0.48583031119748699  0.63602243690128379    0
  68    0.47891253165080966  0.5537276496878748    0
  69    0.36933660494985193  0.41821225605681872    0
  70    0.47408251991735795  0.40328040246205765    0
  71    0.34647899331000109  0.28960299585259724    0
  72    0.14693717317608984  0.46985624060187092    0
  73    0.22103869477251867  0.43596815668328021    0
  74    0.26604454712391018  0.4805486637133809    0
  75    0  0.75    4
  76    0.42177784926817308  0.41122535665691951    0
  77    0.19954295979526837  0.48237526095377614    0
  78    0.11390749334167365  0.42865044871725566    0
  79    0.58683551591813521  0.53153342237009737    0
  80    0.18513117167264218  0.52785023455675883    0
  81    0.40286605439815132  0.60155834147769793    0
  82    0.42118610428648529  0.53579912481404302    0
  83    0.54257726126901062  0.58981408206517283    0
  84    0.53138003201506834  0.53536576181917339    0
  85    0.5531643345531192  0.44744564774082707    0
  86    0.875  0.75    2
  87    0.62734410969240217  0.60824075344132023    0
  88    0.58924691486831382  0.57930979489068657    0
  89    0.38600047227239331  0.11220218450084861    0
  90    0.5625  0.125    2
  91    0.40747875992406657  0.21601561717604384    0
  92    0.49453877175766991  0.18677269371501284    0
  93    0.44558255352195036  0.18523961093406185    0
  94    0.45326649707482647  0.59732163143447214    0
  95    0.49610512449473526  0.45673111014915735    0
  96    0.6875  0.375    2
  97    0.67222903417402202  0.53548753025783746    0
  98    0.58014214329106983  0.74211525365447306    0
  99    0.55806129654647596  0.66677821526034031    0
 100    0.53004689026246599  0.63237465078979238    0
 101    0.4767830718443859  0.10860999683762863    0
 102    0.53125  0.0625    2
 103    0.46875  0.050106341373890452    0
 104    0.50416369638949521  0.35450012153947047    0
 105    0.54222039224938434  0.39382599828143106    0
 106    0.52609520548123789  0.26910172297552343    0
 107    0.46450900151302221  0.24764862775285729    0
 108    0.61770244512862771  0.40634654095074624    0
 109    0.51501056628418385  0.14102418177220075    0
 110    0.66757884111328725  0.42402307944335638    0
 111    0.56536680846469212  0.2068368017566791    0
 112    0.57493715837874215  0.25639010608083168    0
 113    0.65625  0.3125    2
 114    0.55693156664485655  0.34151242765572759    0
 115    0.52245113732334147  0.22328623088561028    0
 116    0.61405899358764449  0.47184700749666997    0
 117    0.65526496132999212  0.49258822718381962    0
 118    0.63334850331162895  0.68561637679841414    0
 119    0.71875  0.4375    2
 120    0.70358290741570595  0.48414604629214703    0
 121    0.63892639155705622  0.36022430422147189    0
 122    0.59018240049748338  0.69826810987841748    0
 123    0.60248750819707364  0.64909042415923845    0
 124    0.10865509333618781  1.2066727307423795    0
 125    0.72544280884649137  0.82564611070983362    0
 126    0.60053337884543556  0.30626986146217072    0
 127    0.90625  0.8125    2
 128    0.8125  0.625    2
 129    0.75363495244914513  0.71833206906937952    0
 130    0.89724853648774572  0.85606323175612709    0
 131    0.65634984625672643  0.76057959528504393    0
 132    0.62350365325875179  0.72964754022123446    0
 133    0.6784051687210072  0.71280183094078053    0
 134    0.70613498852395906  0.77693119295913948    0
 135    0.27735000510099289  0.82006243644200882    0
 136    0.50852713465935373  0.81655390457807264    0
 137    0.61142658561699215  0.77949310752895462    0
 138    0.34836151538938004  0.84185377847244103    0
 139    0.37928682626725035  0.68172494214099333    0
 140    0.39801866095819183  0.83909643263848455    0
 141    0.52457166634753627  0.88438322457051677    0
 142    0.43397042519949164  0.87346074130355433    0
 143    0.48170769876255376  0.85871011539205622    0
 144    0.34417598118398091  0.78763118451611325    0
 145    0.13312655763463357  0.56548190140572296    0
 146    0.13515057382258602  0.95564185932387935    0
 147    0.12600862782994038  0.51564378259091059    0
 148    0.5  1.5    3
 149    0.55797069788980491  0.79245338856210046    0
 150    0.17364300545049538  0.65441983981234897    0
 151    0.60283678401826435  0.86078570728238335    0
 152    0.39853222037548153  0.78936544311670731    0
 153    0.42322460164924203  0.72108359125071275    0
 154    0.46563016210848857  0.76161672778766232    0
 155    0.4838341602338434  0.70012298923808125    0
 156    0.52226525632330456  0.74822010868704258    0
 157    0.27906657526641343  0.72539669424371844    0
 158    0.44816652643332583  0.81438632332630578    0
 159    0.27715031986870275  0.94731153089967168    0
 160    0.35145965416023611  0.73373724701000465    0
 161    0.4079581742571235  1.021651416137817    0
 162    0.43475890327114514  0.66400319628546178    0
 163    0  0.5625    4
 164    0.25783485412321216  0.88365651626062647    0
 165    0.29581646555060115  0.77304885369153575    0
 166    0.32007857830676295  0.89952734020467318    0
 167    0.24870467329114507  0.59551445777662859    0
 168    0.13236895832049012  0.81036337379708501    0
 169    0.35067604656937956  0.97019042149720214    0
 170    0.19147913657925511  0.59223257918377903    0
 171    0.32269103609527527  0.66509521273639594    0
 172    0.20514874835799873  0.93440162632491763    0
 173    0.20371914165343571  0.83225864461484322    0
 174    0.22869296407670767  0.7698730841385576    0
 175    0.25839691833567718  1.2116412904801468    0
 176    0  0.625    4
 177    0.0986679232458154  0.71800978836095541    0
 178    0.12628287007123679  0.67457463219659075    0
 179    0.17545777021170655  0.72440550463478171    0
 180    0.20670896509356673  0.88329829398732185    0
 181    0.19095238442998141  1.0135780839537372    0
 182    0.22761484186038319  0.6880366832765491    0
 183    0.17552954788877123  0.77822016233239022    0
 184    0.12810758735014327  0.75959263631758178    0
 185    0.039369826668312215  0.8125    0
 186    0.17784015474971243  0.97036612193087468    0
 187    0.23405135214934208  0.98044480742670448    0
 188    0.22135909760379735  0.63794597082965299    0
 189    0.27452676677203691  0.64218323704060709    0
 190    0.051140744656960946  0.73957758409379559    0
 191    0.13107510825932661  0.62011423541783717    0
 192    0.058385182418812506  0.66190305361606927    0
 193    0.081234671093129124  0.78184647669257723    0
 194    0  0.6875    4
 195    0.052609745593021853  0.60640270031684307    0
 196    0  0.875    4
 197    0.085531314043461648  0.8852277821225214    0
 198    0.045192655216664997  0.85981776602583082    0
 199    0.086904544352593122  0.83178316659080598    0
 200    0.55489526438510861  0.84336807231275868    0
 201    0.35227521624807456  0.62007298323862903    0
 202    0.875  1.125    3
 203    0.38334055769698439  0.91409055533019856    0
 204    0.45687157693626601  0.95385896590596375    0
 205    0.40403102203207802  0.96369720732835229    0
 206    0.42848388931043768  0.91848433036725019    0
 207    0.31513899194437855  1.067358698101933    0
 208    0.29040551287607852  1.0091512541704064    0
 209    0.25958352512510807  1.0566067093534821    0
 210    0.041326524705357415  0.90955542004900902    0
 211    0.049833470794988295  0.50159204688554504    0
 212    0.026938875043436412  0.4375    0
 213    0.051729874613161288  0.55398391039679651    0
 214    0.060311468793937562  0.95568949737600595    0
 215    0.14590763976023663  0.87091741174817561    0
 216    0.16131879228350329  0.91591920444512687    0
 217    0.66707389577541409  0.85345331329180285    0
 218    0.3523860279795174  1.0258983748210666    0
 219    0  1.5    4
 220    0.27337800046484856  1.1342341213865348    0
 221    0  0.9375    4
 222    0.097714259242145579  0.92933256919520191    0
 223    0.097749055630031029  0.98399749379491275    0
 224    0.57678076482048646  0.91595499940101521    0
 225    0.52576919934257949  0.96319825080422705    0
 226    0.71731126998768635  0.88374099367122305    0
 227    0.49596906967340187  0.924234429678219    0
 228    0.63650712467399273  0.91042561386819665    0
 229    0  1.25    4
 230    0.77852356507152698  0.86269234950824736    0
 231    0.79647620196842328  0.78041855095689161    0
 232    0.75  1.25    3
 233    0.63102236916354049  0.82266382216435141    0
 234    0.48246367024176484  1.0238662452426415    0
 235    0.619346246967036  1.0169876503763611    0
 236    0.18860797167135121  1.2337324080210417    0
 237    0.61106935218846359  0.96099190696870296    0
 238    0.69074409190779607  0.93604130341582381    0
 239    0.75052092491859423  0.93350849035502115    0
 240    0.9375  0.875    2
 241    0.43145777292160625  1.1864717975708297    0
 242    0.77037396618586551  0.81781847222937665    0
 243    0.44596093377782203  0.99752890175608722    0
 244    0.55124393014002537  1.0271724093659476    0
 245    0.56896149716326638  0.98305807085501185    0
 246    0.60835667371273705  1.1762856797693193    0
 247    0.51219237220726632  1.1224940134521817    0
 248    0.59626364031707624  1.0954233252891614    0
 249    0.51481620241927728  1.0679087850181634    0
 250    0.44106777540478764  1.0917194845514608    0
 251    0.37696220951571535  1.0854381896107532    0
 252    0.58959724260746205  1.0508471964500601    0
 253    0.40438199602118474  1.1358622175451636    0
 254    0.34508400449857329  1.200133701916849    0
 255    0.1373952641092504  1.2860370266974119    0
 256    0.85746128720961157  0.87595685639519416    0
 257    0.21302709854706031  1.0546166997978177    0
 258    0.23721407703192693  1.1006211371828449    0
 259    0.1332410768459521  1.1259248620190478    0
 260    0.26430584956409342  1.3515905418469365    0
 261    0  1.125    4
 262    0.13631174010719058  1.0725042146339945    0
 263    0.18206015796576289  1.1002580756868208    0
 264    0.20922205614448428  1.1634930026131347    0
 265    0.84201138946775711  0.97538058728893462    0
 266    0.56469951820047304  1.1414792053237488    0
 267    0.625  1.375    3
 268    0.52105189003490571  1.1800931652947555    0
 269    0.56598708824415378  1.2076038830504607    0
 270    0.47821544265854088  1.2108211794008468    0
 271    0.47443932126375171  1.1577818681761218    0
 272    0.52383672417650995  1.256557895644806    0
 273    0.42659458127933103  1.3457218304493233    0
 274    0.38173345475981768  1.2752265060422192    0
 275    0.6875  1.3125    3
 276    0.4649242880189276  1.2830621105190674    0
 277    0.68963545612616239  1.193049306469157    0
 278    0.60815540508600474  1.3158062129783485    0
 279    0.42141177155406995  1.2994982111876827    0
 280    0.57912530618224689  1.2615392971140829    0
 281    0.5625  1.4375    3
 282    0.54693496068454717  1.3095052616954639    0
 283    0.49114009482561699  1.3421518678816007    0
 284    0.5474496428318637  1.3743864498084668    0
 285    0.46323422686057059  1.4228909209158367    0
 286    0.46068597374215475  1.3768180831608463    0
 287    0.51503464002017996  1.4154675504023553    0
 288    0.44448290265672274  1.0472489643642426    0
 289    0.29819649548043836  1.1791906709842408    0
 290    0.33456676030020854  1.1297834148823753    0
 291    0.84984972150406668  0.8016376392479666    0
 292    0.13792952986432719  1.0190198496643716    0
 293    0.20835294062757798  1.3042892859742714    0
 294    0.15982159263590182  1.187139443495393    0
 295    0.14212078451584254  1.2394397922202889    0
 296    0.23493655211923156  1.258808801441369    0
 297    0.30845364152236038  1.2659568657985996    0
 298    0.375  1.625    3
 299    0.34832555358096728  1.2450415298418342    0
 300    0.33696478755590775  1.3348524384284792    0
 301    0.26810076906580826  1.2993501161879264    0
 302    0.15537559115320226  1.3631905539049483    0
 303    0.16650465613867754  1.3199250829727012    0
 304    0.21001880451438423  1.3590628524396133    0
 305    0.11007181623750736  1.4702807175517423    0
 306    0.25  1.75    3
 307    0.19381664301544582  1.5083278078601432    0
 308    0.1880653874939226  1.4321917100351105    0
 309    0.29270492204505139  1.3931616719010755    0
 310    0.1595181572898281  1.4726334146843278    0
 311    0.42256200010396644  1.4467836805304326    0
 312    0.66384607751511504  1.0726976701317938    0
 313    0.68930559172436701  1.0067335097480778    0
 314    0.74229793013014178  0.98883434631719147    0
 315    0.70693773363419588  1.090797638890014    0
 316    0.75120124590388559  1.0757896017870254    0
 317    0.68374077223217999  1.1313735021321811    0
 318    0.65786390485245116  0.97073297073786369    0
 319    0.79020820200923414  0.96768116116911229    0
 320    0.82353144432342607  0.92159662628467098    0
 321    0.80671675790577813  1.0347289999179663    0
 322    0.76091394540032686  1.0308616908480122    0
 323    0.92987154307546738  0.9941866357688669    0
 324    0.8125  1.1875    3
 325    0.74844718599691495  1.1563087620917032    0
 326    0.84985021572484321  1.0202114583451476    0
 327    0.85918525845573457  1.0733833095489718    0
 328    0.42681097713698052  1.2421746935565019    0
 329    0.6387501493333233  1.2343450216434897    0
 330    0.6933298383853842  1.2496003320269495    0
 331    0.7200494725569978  0.61521266787164219    0
 332    0.68164360732939144  0.6565037369607607    0
 333    0.73479867390465869  0.66743793890351033    0
 334    0.75181764391884798  0.7654100742342782    0
 335    0.84375  0.6875    2
 336    0.78952333366097138  0.67611673941569628    0
 337    0.80708098203859679  0.72732897665636986    0
 338    0.8225874915316701  0.8419791465287616    0
 339    0.069274367086366362  1.2658196454267632    0
 340    0  1.375    4
 341    0  1.3125    4
 342    0.08414279713376753  1.0401680120329442    0
 343    0.066829842070664405  1.0953089131534295    0
 344    0.026643070935928173  1.0524028233106932    0
 345    0.080099545729693356  1.1538612976452631    0
 346    0  1.1875    4
 347    0.053384231389180387  1.2024322918880235    0
 348    0.033989460086439917  1.15625    0
 349    0.39751797878643114  1.4068100518786786    0
 350    0.4375  1.5625    3
 351    0.35546733071512665  1.3807392509328755    0
 352    0.029702703963422557  1.4375    0
 353    0.33779187695062762  1.4561966993797921    0
 354    0.23843700658258887  1.4074537055635288    0
 355    0.077011336484469547  1.4364241244308944    0
 356    0.63263743078331303  1.1313190331277072    0
 357    0.89817064232415034  0.93319514472970577    0
 358    0.96875  0.9375    2
 359    0.9375  1.0625    3
 360    0.89803233009125361  1.0323246873477436    0
 361    0.80615758229521151  1.1178614301864125    0
 362    0.76538650124391439  1.2028865012439145    0
 363    0.64656102116982772  1.2837544839267983    0
 364    0.67550154598844114  0.58772893268647208    0
 365    0.78125  0.5625    2
 366    0.76751062710513296  0.60843218644743358    0
 367    0.72625903050465379  0.55093298474767316    0
 368    0.079212411185526008  1.389154477833823    0
 369    0.088370714447866067  1.3263487134506835    0
 370    0.044964652027768108  1.3520898760972828    0
 371    0.049600802927681861  1.0043116261648346    0
 372    0.13154902092918405  1.4162386940688716    0
 373    0.38350360208390266  1.4814488763123985    0
 374    0.18195969430561748  0.088785945495691215    0
 375    0.1875  0.036006915553912423    0
 376    0.28349209379119772  0.54495087749726212    0
 377    0.22894811341174007  1.5904100558271865    0
 378    0.31608931920831262  1.5494828539850167    0
 379    0.43807816104921687  1.5036030197194967    0
 380    0.054582591213298781  0.11750222636010366    0
 381    0  0.0625    4
 382    0.11861324132736335  0.067526993806063473    0
 383    0.044349183532302397  0.073073367064604794    0
 384    0.13182277693742833  1.5335932623720423    0
 385    0  1.75    4
 386    0.12453644034403465  1.5998115078909698    0
 387    0.18567719494451257  1.5733586277558818    0
 388    0.24846136354899465  1.5481920898251482    0
 389    0.17865088036331492  1.641002649336365    0
 390    0.25872760250644156  1.4767346635845726    0
 391    0.3125  1.6875    3
 392    0.24625260297294971  1.6335803954748465    0
 393    0.21456374443184612  1.4684753182487376    0
 394    0.33158645250222835  1.5981301791024305    0
 395    0.37668974280859413  1.5569699840096165    0
 396    0  1.625    4
 397    0.064780862020478017  1.5212329117162422    0
 398    0.21853992332348032  1.6927425451193046    0
 399    0.091597872805264074  1.6992259297737364    0
 400    0  1.5625    4
 401    0.26486430069029498  1.678370118540216    0
 402    0.12513082754563618  1.6551723540705081    0
 403    0.125  1.875    3
 404    0.062106715961601514  1.6419884892173522    0
 405    0.15595982038653813  1.7134281363444339    0
 406    0.029411998933473703  1.6950504616784616    0
 407    0.1875  1.8125    3
 408    0.11622058019594159  1.7405797911370582    0
 409    0.05869714062410375  1.7525300862721316    0
 410    0  1.875    4
 411    0.026709093804530341  1.8125    0
 412    0.0625  1.9375    3
 413    0.072428905993454085  1.8195673029598827    0
 414    0.29176784877626172  1.4414740784783775    0
 415    0.3064713724680842  1.4980777136232986    0
 416    0.29798492744928728  1.6376770287074793    0
 417    0.057626480187731359  1.5814818754987787    0
 418    0.065902116340130185  1.8784021163401301    0
 419    0.13005807848613432  1.8175580784861343    0
 420    0  1.9375    4
 421    0.19352534735432964  1.7560253473543297    0
 422    0.14967901495077621  1.7742982018309876    0