0  2  0  1
134  1
   1       2   433       1
   2       3  1570       2
   3       4  1623       3
   4       1   127       4
   5       5  1086       4
   6       6   752       4
   7       8    54       4
   8      16    18       4
   9      15   140       1
  10      18    39       4
  11      43   743       4
  12      39     8       4
  13      49   747       4
  14      54    49       4
  15      87   118       4
  16     118    16       4
  17     127    87       4
  18      24   120       1
  19     120     1       1
  20     152   672       2
  21      70   163       1
  22     163  1561       1
  23     140   225       1
  24     210   228       1
  25     242   604       4
  26     225    24       1
  27     228    70       1
  28     422   772       4
  29     433   210       1
  30     211   668       2
  31     419   643       2
  32     479   665       2
  33     553   561       2
  34     561     2       2
  35     530   596       4
  36     592   608       4
  37     590   598       4
  38     596   592       4
  39     598   530       4
  40     604   590       4
  41     608     5       4
  42     649   751       4
  43     665   553       2
  44     688   766       2
  45     678   696       2
  46     643   688       2
  47     672   678       2
  48     375   703       2
  49     631   795       2
  50     409   731       2
  51     738   740       4
  52     740     6       4
  53     743   738       4
  54     747    43       4
  55     752   649       4
  56     668   757       2
  57     757   479       2
  58     766   211       2
  59     696   419       2
  60     731   152       2
  61     795   409       2
  62     772   771       4
  63     771   242       4
  64     751   422       4
  65     798   708       2
  66     337  1480       3
  67     719  1049       2
  68     703   798       2
  69     708   631       2
  70     782   880       2
  71     880   375       2
  72     709  1177       3
  73     950  1417       4
  74     976  1296       4
  75    1037  1605       4
  76    1049   782       2
  77    1006  1175       3
  78     961  1089       4
  79    1086   961       4
  80    1089  1037       4
  81    1104  1615       3
  82    1166  1225       3
  83    1177  1166       3
  84    1158  1235       3
  85    1183  1230       3
  86    1175  1104       3
  87    1225  1006       3
  88    1230   709       3
  89    1235  1183       3
  90    1298  1358       4
  91    1296  1587       4
  92    1355  1370       4
  93    1361  1546       4
  94    1370   950       4
  95    1337  1594       3
  96    1365  1402       4
  97    1374  1415       4
  98    1358  1355       4
  99    1384  1522       3
 100    1415  1365       4
 101    1417  1374       4
 102    1393  1529       3
 103    1402  1591       4
 104    1477  1485       3
 105    1449  1489       3
 106    1480  1449       3
 107    1485   337       3
 108    1489  1158       3
 109    1464  1556       4
 110    1473  1436       3
 111    1436  1337       3
 112    1509  1498       3
 113    1498  1384       3
 114    1522  1477       3
 115    1526  1552       4
 116    1529  1473       3
 117    1546  1526       4
 118    1552  1464       4
 119    1551  1555       3
 120    1555  1393       3
 121    1561    15       1
 122    1569   976       4
 123    1587  1298       4
 124    1591  1361       4
 125    1594  1509       3
 126    1559  1624       4
 127    1556  1559       4
 128    1605  1569       4
 129    1607  1571       2
 130    1571   719       2
 131    1570  1607       2
 132    1615     3       3
 133    1623  1551       3
 134    1624     4       4
0