3114  3  0
   1      57   111    55
   2      69   180    99
   3     157    84    76
   4      84    85    76
   5      71   100    68
   6     519   516   534
   7      10    33    35
   8      94    95    91
   9      26    13    37
  10      33    10    11
  11     118    87   119
  12      38    53    18
  13      14    13    26
  14      14    11    10
  15     130    31    12
  16      10    35    28
  17      10    25    14
  18      17    36    26
  19      26    30    14
  20      33    11    89
  21      54     8    23
  22      63   144   234
  23     115   194    22
  24      31    17    37
  25      32    21    64
  26      89    19    44
  27     224   172   202
  28      56    59     9
  29     130   129    36
  30      37    40    53
  31      38    22    31
  32      32    44    92
  33      20    38    86
  34      64    29    32
  35      40    42    48
  36     137    47   135
  37      10    28    25
  38      17    31   130
  39      52    39    48
  40      61     9    62
  41      52    42    23
  42      51    35    34
  43      21    91     7
  44      26    36   134
  45      25    28    41
  46      90    93   137
  47      64    66    29
  48     116    86    16
  49      37    13    40
  50      56    34    57
  51      41    42    25
  52      26   134    30
  53      92    19    91
  54      46    35    33
  55      14    30    11
  56      29    45    46
  57      34    45    50
  58     106    45    29
  59      33    32    46
  60       9    28    51
  61      22    20   115
  62     119   204   116
  63      25    13    14
  64      31    22    12
  65      20    22    38
  66     197   129   195
  67      48    39    18
  68      41    23    42
  69      25    42    13
  70      52    23     8
  71      18    53    48
  72      37    38    31
  73      13    42    40
  74      41    28     9
  75      34    56     9
  76       9    59    62
  77      19    89    30
  78      33    44    32
  79     105   106    68
  80      34    35    45
  81      29    46    32
  82      35    46    45
  83      30    47    19
  84      37    17    26
  85      35    51    28
  86     109   112    27
  87      34     9    51
  88      39    52     8
  89      42    52    48
  90      37    53    38
  91      40    48    53
  92      55    56    57
  93      60    58   748
  94     748   746   747
  95      57    34    50
  96      59    56    55
  97      50    27    57
  98      27   112   111
  99     745   746   840
 100      54    60    49
 101      59    55   840
 102      59    58    62
 103      54    23    60
 104      41    61    23
 105       9    61    41
 106      60    23    61
 107      58    60    62
 108      61    62    60
 109     425   161   393
 110      78   160    76
 111     104     7    95
 112      67    97   425
 113     154   150    65
 114      71    29    66
 115     150   146    65
 116     102    66    64
 117     124   108     7
 118      73   107    63
 119     660   662   483
 120     105    27    50
 121     108   102    64
 122     430    79   427
 123      78    27   105
 124     177   208   178
 125     102   108   151
 126      71    68   106
 127     208   248    79
 128     468   424   147
 129     186   185   188
 130      83    84    80
 131     142   168   122
 132     427    79   248
 133     104    82   155
 134      65    69   154
 135     179    97   182
 136      72   123    75
 137     165   159   164
 138      75    63    74
 139     104    95    82
 140      27    78    76
 141     148   146   122
 142      66    72    71
 143     430   124    79
 144       7   104    77
 145     167   101    80
 146      72   100    71
 147     178   206   177
 148     541   126   537
 149      83    80   164
 150      76   109    27
 151      74   100    72
 152      85    84    83
 153     149    85    83
 154     111   840    55
 155      38    18    86
 156      18    16    86
 157     127    88    87
 158     116   118   119
 159     121   136   139
 160    1562   117   168
 161      33    89    44
 162      30    89    11
 163     108    64    21
 164      21     7   108
 165      92    91    21
 166      94    91    19
 167      32    92    21
 168      19    92    44
 169      93    94    47
 170      91    95     7
 171      47    94    19
 172      95    94    93
 173      93    96    95
 174      96    90   176
 175      93    90    96
 176     153    65   146
 177     471   429   428
 178     440   239   319
 179     176    90    99
 180     369   388   181
 181     141   121   139
 182     150   154   173
 183     124     7    77
 184     148   153   146
 185     179   180    97
 186     158   168   183
 187     156   100    74
 188     182    67   233
 189     222   114    81
 190     231   125   103
 191     218   644   114
 192      96    82    95
 193     106   105    50
 194      78   105    68
 195      45   106    50
 196     106    29    71
 197     253   552   230
 198     542   177   227
 199      74    72    75
 200      84   157    80
 201      76    85   109
 202      85   540   112
 203     539    85   149
 204     113   840   111
 205      27   111    57
 206     113   111   110
 207      85   112   109
 208     111   112   110
 209     540   744   110
 210     742   744   739
 211     166    83   164
 212     245   223   568
 213     172   119    88
 214     116   115    20
 215      86   116    20
 216     127     1   143
 217      88   127   143
 218     153   125    65
 219     116    16   118
 220     200   172    88
 221     226   198   171
 222     174   173    90
 223      36   129   132
 224     131   133  1562
 225     178    77   104
 226     184   158   163
 227     187   103   186
 228     107   157   156
 229     124    77   208
 230     229   103   187
 231     157   107   167
 232     102   123    72
 233      68   100    78
 234     241   244   468
 235     247   203    24
 236     136   131   139
 237       1   120   143
 238     212   101    73
 239     120   200   143
 240     132    47   134
 241      17   130    36
 242      12   129   130
 243     139   138   141
 244     129   199   132
 245     205   133   140
 246     132   136   135
 247     225   247    24
 248     195   129   193
 249     134    47    30
 250      36   132   134
 251     137   135   121
 252      47   132   135
 253     168   142   138
 254     121   135   136
 255     137   121   174
 256      47   137    93
 257     175   173   141
 258     138   139   131
 259     205   117  1562
 260     141   138   142
 261     136   197   131
 262     129    12   193
 263     142   175   141
 264     141   173   174
 265      65   125   161
 266     138  1562   168
 267     119    87    88
 268     175   142   122
 269     154    99   173
 270     190   169    81
 271     103   125   153
 272     147   166   159
 273     169   165   215
 274     158   184   148
 275     158   170   168
 276      80   165   164
 277     212    73   234
 278      63   107   156
 279     166   149    83
 280     126   541   539
 281      78   100   160
 282     154    69    99
 283     102   151   123
 284     488   432   255
 285     303   282   299
 286     173    99    90
 287     150   175   146
 288      72    66   102
 289     145   393   161
 290      74    63   156
 291     148   122   170
 292     430   123   151
 293     156   157   160
 294     145   161   125
 295     167    73   101
 296      76   160   157
 297     156   160   100
 298      65   161    69
 299     215   165   101
 300      81   169   216
 301     217   191   216
 302     186   153   148
 303     165    80   101
 304     151   108   124
 305     166   164   159
 306     159   165   169
 307     215   212   214
 308     190   147   159
 309     166   126   149
 310     157   167    80
 311      73   167   107
 312    1561   163   158
 313     168   117   183
 314     168   170   122
 315     241   147    81
 316     158   148   170
 317     172   224   204
 318     198   128   195
 319      88   143   200
 320     193   194   224
 321     137   174    90
 322     131   128   192
 323     141   174   121
 324     146   175   122
 325     173   175   150
 326      99    82   176
 327      96   176    82
 328     177   206   227
 329     208    79   124
 330     104   155   178
 331     178   155   206
 332     155    82   179
 333     180    82    99
 334      97   180    69
 335      82   180   179
 336     394   255   250
 337     669   207  1563
 338     179   182   155
 339      69   161   425
 340     205   183   117
 341    1561   183    15
 342     185   184   163
 343     153   186   103
 344     163    70   185
 345     185    70   188
 346     148   184   186
 347     185   186   184
 348     231   103   229
 349     230   229   187
 350     433   475   210
 351     186   188   187
 352     189   212   213
 353     237   256   232
 354     147   190    81
 355     159   169   190
 356     217   219   191
 357     510   320   223
 358      81   216   222
 359     424   126   166
 360     194   193    12
 361     195   193   171
 362      22   194    12
 363     115   204   224
 364     198   195   171
 365     195   128   197
 366     203   226   201
 367     246   140   133
 368     131   197   128
 369     136   132   199
 370     226   171   202
 371     128   198   196
 372     129   197   199
 373     136   199   197
 374     200   120   201
 375     224   202   171
 376     120    24   201
 377     203   201    24
 378     172   200   202
 379     226   200   201
 380     133   192   246
 381     226   203   196
 382     116   204   115
 383     119   172   204
 384     140    15   205
 385     205    15   183
 386     182   206   155
 387     145   231   543
 388     182    97    67
 389     234   257   213
 390     178   208    77
 391     248   208   177
 392     499   418   496
 393     407   478   414
 394     392   250   181
 395     254    70   228
 396     481   416   485
 397      73    63   234
 398     212   189   214
 399     283   415   355
 400     421   258   270
 401     189   236   214
 402     169   217   216
 403     212   215   101
 404     169   215   214
 405     169   214   217
 406     440   240   264
 407     236   217   214
 408     217   162   219
 409     191   219   261
 410     261   441   191
 411     162   260   221
 412     162   221   261
 413     272   263   266
 414     263   305   265
 415     162   236   238
 416     240   261   262
 417     512   216   191
 418     279   286   263
 419     570   245   568
 420     241   468   147
 421     193   224   171
 422     224   194   115
 423     140   246   225
 424     192   247   246
 425     198   226   196
 426     200   226   202
 427     206   182   233
 428     417   393   145
 429     210   253   228
 430     251   354    67
 431     188    70   254
 432     230   476   229
 433     254   230   187
 434     420   232   238
 435     253   475   552
 436     231   145   125
 437     497   502   501
 438     417   481   249
 439     253   230   254
 440     398   256   237
 441     257   234   144
 442     212   234   213
 443     496   418   495
 444     189   213   434
 445     420   259   232
 446     217   236   162
 447     267   306   280
 448     269   266   220
 449     420   236   189
 450     232   256   238
 451     265   239   264
 452      81   114   241
 453     240   441   261
 454     221   421   262
 455     114   511   243
 456     225   246   247
 457     218   114   243
 458     192   196   247
 459     131   192   133
 460     649   843   751
 461     569   437   571
 462     244   241   114
 463     196   192   128
 464     511   114   222
 465     203   247   196
 466     570   243   245
 467     248   542   474
 468     207   233    67
 469     488   418   432
 470     425   249   251
 471     552   476   230
 472     394   250   389
 473     485   484   480
 474     565   675   671
 475     333   369   181
 476     484   354   480
 477     209   557   559
 478     188   254   187
 479     228   253   254
 480     207   227   233
 481     236   420   238
 482     406   434   213
 483     415   498   334
 484     430   427   472
 485     323   388   369
 486     421   260   258
 487     391   323   397
 488     257   406   213
 489     412   406   257
 490     162   238   260
 491     260   238   256
 492     162   261   219
 493     262   261   221
 494     220   266   265
 495     440   264   239
 496     263   265   266
 497     279   263   272
 498     240   262   264
 499     265   264   262
 500     220   265   262
 501     286   304   305
 502     270   268   269
 503     275   273   272
 504     322   324   283
 505     278   271   273
 506     220   270   269
 507     273   271   272
 508     220   421   270
 509     268   273   275
 510     398   237   397
 511     270   398   466
 512     278   280   277
 513     301   312   303
 514     266   269   275
 515     284   281   279
 516     268   276   273
 517     273   276   278
 518     271   289   288
 519     319   312   320
 520     266   275   272
 521     268   275   269
 522     466   276   268
 523     278   276   280
 524     618   617   629
 525     281   274   279
 526     280   276   267
 527     289   285   288
 528     284   272   271
 529     291   286   279
 530     324   442   332
 531     280   314   313
 532     288   281   271
 533     288   290   281
 534     293   295   291
 535     299   282   295
 536     250   255   181
 537     313   277   280
 538     272   284   279
 539     271   281   284
 540     313   343   277
 541     290   308   281
 542     291   279   274
 543     304   286   282
 544     270   258   398
 545     315   314   287
 546     289   271   278
 547     288   285   372
 548     278   277   289
 549     383   289   277
 550     383   331   371
 551     292   293   296
 552     293   291   274
 553     286   291   295
 554     308   274   281
 555     309   294   310
 556     308   310   274
 557     295   293   292
 558     297   299   435
 559     300   302   435
 560     435   299   295
 561     295   282   286
 562     274   296   293
 563     461   300   296
 564     292   296   300
 565     363   301   311
 566    1567   533   449
 567     584   921   931
 568     435   295   292
 569     311   303   297
 570     461   296   294
 571     460   357   458
 572     311   301   303
 573     436   301   437
 574     717   527   583
 575     596   602   597
 576     297   303   299
 577     318   304   282
 578     318   303   312
 579     305   239   265
 580     286   305   263
 581     239   305   304
 582     332   306   267
 583     306   287   314
 584     356   315   355
 585     348   352   321
 586     309   308   290
 587     296   310   294
 588     361   285   371
 589     294   309   357
 590     274   310   296
 591     309   310   308
 592     311   297   340
 593     365   507   342
 594     436   312   301
 595     239   304   319
 596     280   306   314
 597     348   344   346
 598     315   287   322
 599     313   314   326
 600     315   322   355
 601     313   326   307
 602     446   902   327
 603     309   290   336
 604     341   330   340
 605     373   302   300
 606     303   318   282
 607     319   318   312
 608     318   319   304
 609     312   436   320
 610     510   245   439
 611     319   320   440
 612     349   346   443
 613     352   630   381
 614     332   323   324
 615     355   322   283
 616     400   401   399
 617     417   555   416
 618     442   322   287
 619     389   414   551
 620     368   283   324
 621     331   344   348
 622     314   315   326
 623     356   326   315
 624     581   449   335
 625     446   327   531
 626     289   383   285
 627     629   521   450
 628     523   507   365
 629     573   329   721
 630     297   341   340
 631     330   365   342
 632     307   344   313
 633     371   463   382
 634     306   332   287
 635     466   268   270
 636     544   394   389
 637     415   334   355
 638     283   505   415
 639     349   345   346
 640     458   328   620
 641     446   531   601
 642     290   372   336
 643     629   729   298
 644     513   858   714
 645     629   617   521
 646     785   856   456
 647     335   835   581
 648     311   340   342
 649     437   569   436
 650     341   297   302
 651     342   340   330
 652     625   889   910
 653     330   341   364
 654     444   365   330
 655     342   339   363
 656     344   343   313
 657     383   343   331
 658     344   307   346
 659     343   344   331
 660     366   345   353
 661     396   377   410
 662     356   307   326
 663     348   346   345
 664     378   386   325
 665     408   390   387
 666     374   366   352
 667     331   348   321
 668     443   346   307
 669     347   367   353
 670     349   353   345
 671     377   367   403
 672     796   791   794
 673     461   460   514
 674     374   348   345
 675     382   381   370
 676     347   353   349
 677     366   350   352
 678     324   369   368
 679      67   354   207
 680     500   505   368
 681     355   334   356
 682     386   356   334
 683     443   347   349
 684     309   336   458
 685     622   316   627
 686     618   629   298
 687     534   516   601
 688     361   336   372
 689     321   352   381
 690     328   336   361
 691     360   359   618
 692     359   360   361
 693     360   328   361
 694     860   877   825
 695     520   449   620
 696     342   363   311
 697     437   363   339
 698     362   906   889
 699     620   449   533
 700     582   365   317
 701     506   507   525
 702     377   403   351
 703     353   367   396
 704     378   347   386
 705     367   347   378
 706     369   324   323
 707     369   333   368
 708     391   401   388
 709     645   736   749
 710     778   785   385
 711     617   618   619
 712     463   371   331
 713     359   361   371
 714     288   372   290
 715     285   361   372
 716     729   621   520
 717     816   865   777
 718     348   374   352
 719     345   366   374
 720     903   902   446
 721     516   634   601
 722     693   790   734
 723     944   959   925
 724    1564   730   723
 725     724   353   396
 726     325   395   378
 727     395   403   378
 728     379   401   400
 729     417   249   393
 730     181   388   392
 731     426   431   474
 732     630   352   350
 733     370   619   382
 734     371   382   359
 735     321   381   382
 736     383   277   343
 737     285   383   371
 738     583   579   717
 739     847   448   756
 740     706   517   823
 741     402   405   733
 742     356   386   347
 743     334   498   504
 744     252   333   181
 745     722   905   904
 746     391   388   323
 747     388   379   392
 748      98   502   498
 749     481   480   249
 750     418   492   495
 751     403   390   408
 752     397   323   332
 753     391   237   399
 754     414   392   379
 755      97    69   425
 756     354   484   487
 757     425   393   249
 758     664   661   559
 759     425   251    67
 760     566   395   325
 761     403   395   390
 762     387   734   376
 763     353   724   366
 764     332   267   466
 765     237   391   397
 766     398   258   256
 767     397   332   466
 768     232   399   237
 769     399   259   400
 770     406   400   259
 771     400   406   412
 772     388   401   379
 773     391   399   401
 774     403   367   378
 775     788   904   905
 776     915   405   402
 777     810   804   812
 778     724   632   366
 779     454   831   798
 780     723   405   410
 781     152   731   793
 782     406   259   434
 783     412   257   235
 784     544   389   551
 785     379   400   407
 786     376   728   387
 787     350   632   722
 788     799   792   797
 789     405   915   411
 790     410   405   724
 791     408   728   351
 792     766   688   768
 793     468   404   423
 794     235   407   412
 795     400   412   407
 796     177   542   248
 797     252   499   500
 798     379   407   414
 799     407   235   478
 800     470   257   471
 801     252   181   255
 802     485   845   484
 803     250   392   389
 804     231   229   476
 805     488   394   413
 806     399   232   259
 807     499   432   418
 808     260   421   221
 809     492   488   493
 810     420   189   434
 811     386   504   325
 812     255   394   488
 813     260   256   258
 814     404   644   536
 815     578   570   577
 816     404   645   423
 817     147   424   166
 818     537   424   423
 819     392   414   389
 820     432   252   255
 821     480   354   251
 822     257   144   471
 823     427   474   431
 824     430   151   124
 825     470   235   257
 826     144    63   429
 827      63    75   429
 828     472   429    75
 829     427   431   472
 830     123   430    75
 831     470   431   426
 832     431   428   472
 833     206   233   227
 834     262   421   220
 835     300   435   292
 836     368   333   500
 837     420   434   259
 838     297   435   302
 839     301   363   437
 840     320   436   223
 841     506   438   339
 842     437   339   438
 843     524   526   529
 844     223   569   568
 845     245   511   439
 846     512   222   216
 847     510   440   320
 848     439   512   441
 849     240   440   441
 850     439   441   440
 851     322   442   324
 852     287   332   442
 853     307   356   443
 854     347   443   356
 855     365   444   317
 856     330   364   444
 857     621   335   449
 858     772   718   771
 859     373   300   514
 860     461   294   460
 861     447   784   897
 862     627   316   521
 863     802   784   455
 864     620   533   458
 865     336   328   458
 866     362   901   906
 867     729   450   621
 868     720   450   519
 869     892   625   900
 870     402   779   727
 871     615  1565  1566
 872     341   385   456
 873     875   601   641
 874     730   532   459
 875     913   453   518
 876     515   636   787
 877     358   514   891
 878     373   385   302
 879     615   624   838
 880     711   868   870
 881     858   710   714
 882     638   444   364
 883     532   779   459
 884     385   373   358
 885     613   718   609
 886     616   581   835
 887     838   865   637
 888     453   779   532
 889     460   294   357
 890     520   620   298
 891     621   450   720
 892     600   524   591
 893     331   321   463
 894     382   463   321
 895     726   722   904
 896     781   884   893
 897     465   859   870
 898     894   813  1026
 899     466   267   276
 900     397   466   398
 901     404   468   244
 902     404   536   736
 903     424   468   423
 904     648   737   469
 905     424   537   126
 906     431   470   428
 907     550   426   547
 908     429   471   144
 909     470   471   428
 910     429   472   428
 911      75   430   472
 912     669  1563   564
 913     413   394   544
 914     248   474   427
 915     650   474   473
 916     210   475   253
 917     433   562   475
 918     417   543   555
 919     476   555   543
 920     550   235   470
 921     650   545   547
 922     478   235   550
 923     478   477   551
 924     207   354   487
 925     661   846   559
 926     249   480   251
 927     380   485   416
 928     554   557   209
 929     416   481   417
 930     209   663   416
 931     555   209   416
 932     492   418   488
 933     489   490   647
 934     482   486   487
 935     481   485   480
 936     485   380   845
 937     659   486   660
 938     549   413   544
 939     482   487   484
 940     487   486  1563
 941     413   651   490
 942     488   413   490
 943     765   691   763
 944     692   677   687
 945     546   549   544
 946     493   491   492
 947     687   680   684
 948     687   677   680
 949     493   488   490
 950     685   491   684
 951     489   690   490
 952     689   686   687
 953     694   419   769
 954     566   390   395
 955     685   492   491
 956     496   495   494
 957     496   494   501
 958     502   499   496
 959     793   376   790
 960     503   566   325
 961      98   498   415
 962     503   498   497
 963     500   499    98
 964     499   252   432
 965      98   415   505
 966     252   500   333
 967     494   682   674
 968     502   497   498
 969     499   502    98
 970     501   502   496
 971     674   679   497
 972     504   503   325
 973     334   504   386
 974     503   504   498
 975     368   505   283
 976      98   505   500
 977     507   506   339
 978     329   438   506
 979     342   507   339
 980     582   523   365
 981     605   452   613
 982     654   647   548
 983     573   571   438
 984     577   509   576
 985     245   510   223
 986     440   510   439
 987     243   511   245
 988     512   511   222
 989     441   512   191
 990     511   512   439
 991     458   357   309
 992     616  1565  1567
 993     242   452   605
 994     819   517   706
 995     464   534   513
 996     457  1565   891
 997    1048   823   782
 998     713   384   863
 999     891   514   460
1000     785   778   637
1001     518   633   913
1002     631   857   797
1003     298   729   520
1004     938   338   937
1005     889   906   911
1006     587   528   586
1007     364   341   456
1008     526   522   527
1009     582   317   583
1010     522   524   523
1011     524   522   526
1012     506   525   329
1013     529   586   462
1014     600   525   523
1015     507   523   525
1016     600   523   524
1017     583   527   522
1018     589   462   586
1019     592   606   608
1020     938   940   527
1021     588   593   589
1022     610   614   595
1023     302   385   341
1024     591   524   529
1025     591   529   594
1026     594   585   591
1027     615   891  1565
1028     997   872   996
1029     974   787   955
1030     457   460   458
1031     882   584   704
1032     618   298   360
1033     871   705   860
1034     901   362   447
1035     681   683   697
1036     670   387   390
1037     243   570   218
1038     700   736   536
1039     646   423   645
1040     541   537   469
1041     469   737   739
1042      85   539   540
1043     126   539   149
1044     540   539   538
1045     744   540   538
1046     540   110   112
1047     739   541   469
1048     541   538   539
1049     669   542   227
1050     474   542   473
1051     145   543   417
1052     231   476   543
1053     547   545   546
1054     544   477   546
1055     669   473   542
1056     654   754   653
1057     547   546   477
1058     655   549   545
1059     547   477   478
1060     547   426   650
1061     656   658   655
1062     651   647   490
1063     545   549   546
1064     549   548   651
1065     426   550   470
1066     478   550   547
1067     478   551   414
1068     544   551   477
1069     562   558   560
1070     476   552   554
1071     552   475   560
1072     556   557   558
1073     554   552   560
1074     476   554   555
1075     209   555   554
1076     667   665   664
1077     559   846   663
1078     558   557   554
1079     559   557   556
1080     562   561   563
1081     556   558   563
1082     556   664   559
1083     846   755   845
1084       2   562   433
1085     554   560   558
1086     553   563   561
1087     560   475   562
1088       2   561   562
1089     853   211   767
1090     562   563   558
1091     652   658   659
1092     564   656   657
1093     497   501   674
1094     691   768   695
1095     497   566   503
1096     566   565   670
1097     595   600   591
1098     571   572   509
1099     223   436   569
1100     568   509   570
1101     571   437   438
1102     509   568   569
1103     576   509   572
1104     570   578   702
1105     438   329   573
1106     509   569   571
1107     567   574   572
1108     574   576   572
1109     567   572   573
1110     571   573   572
1111     614   574   567
1112     613   609   508
1113     452   242   771
1114     467   736   700
1115     508   576   574
1116     576   575   577
1117     578   577   575
1118     509   577   570
1119     700   701   841
1120     700   702   578
1121     778   358   838
1122     584   855   774
1123     640   859   881
1124     785   456   385
1125     706  1067  1016
1126     718   452   771
1127     338   717   579
1128     523   582   522
1129     608   515     5
1130     522   582   583
1131     901   447   897
1132     638   317   444
1133     587   529   526
1134     605   585   599
1135     528   947   589
1136     529   587   586
1137     526   527   587
1138     597   606   592
1139     603   590   599
1140     528   589   586
1141     242   605   604
1142     585   594   599
1143     593   462   589
1144     594   529   462
1145     591   585   595
1146     598   603   593
1147     588   602   593
1148     603   594   462
1149     603   462   593
1150     595   585   610
1151     595   614   721
1152     597   592   596
1153     593   602   530
1154     947   528   941
1155     611   597   588
1156     593   530   598
1157     599   604   605
1158     721   600   595
1159     525   600   329
1160     717   938   527
1161     449   520   621
1162     597   602   588
1163     596   530   602
1164     590   603   598
1165     599   594   603
1166     609   718   772
1167     599   590   604
1168     609   773   508
1169     606   597   611
1170     606   636   515
1171     887   882   704
1172     662   448   848
1173     422   842   612
1174     607   636   606
1175     575   773   898
1176     610   508   614
1177     585   605   610
1178     588   589   947
1179     606   611   607
1180     660   844   662
1181     772   612   609
1182     508   610   613
1183     613   610   605
1184     574   614   508
1185     614   567   721
1186     723   459   733
1187     900   780   623
1188     903   316   622
1189     779   453   727
1190     370   630   628
1191     714   720   464
1192     619   618   359
1193     384   858   863
1194     382   619   359
1195     619   370   628
1196     450   521   867
1197     328   360   298
1198     729   629   450
1199     910   900   625
1200     627   617   628
1201     632   411   914
1202     889   893   362
1203     514   300   461
1204     579   583   317
1205     996   862   802
1206     835   335   864
1207     375   626   703
1208     624   615   445
1209     626   890   623
1210     617   619   628
1211     903   446   316
1212     370   381   630
1213     622   627   628
1214     724   396   410
1215     715   362   893
1216     905   789   908
1217     622   628   630
1218     408   351   403
1219     637   865   451
1220     733   459   779
1221     351   725  1564
1222     633   900   913
1223     711   873   830
1224     453   799   518
1225     786   784   802
1226     892   900   623
1227     454   780   633
1228     779   402   733
1229     638   579   317
1230     838   624   865
1231     856   638   364
1232     877   705   641
1233     777   865   624
1234     878   874   884
1235     519   867   516
1236     384   710   858
1237     579   855   338
1238     601   634   446
1239     998   776  1007
1240     531   786   641
1241     997   836   872
1242     671   676   565
1243     694   643   419
1244     114   644   244
1245     702   644   218
1246     753   752   648
1247     537   646   469
1248     423   646   537
1249     752   753   649
1250     647   654   653
1251     648     6   737
1252     650   473   657
1253     469   646   750
1254     750   645   749
1255     474   650   426
1256     549   651   413
1257     651   548   647
1258     700   578   770
1259     654   548   655
1260     761   756   448
1261     655   658   652
1262     489   647   653
1263     548   549   655
1264     654   652   754
1265     656   655   545
1266     652   654   655
1267     545   650   657
1268     656   564   658
1269     657   473   669
1270     545   657   656
1271    1563   658   564
1272     659   483   754
1273     658   486   659
1274     660   486   482
1275     755   760   844
1276     483   659   660
1277     757   762   666
1278     661   759   755
1279     844   660   482
1280     761   448   760
1281     416   663   380
1282     209   559   663
1283     553   665   667
1284     479   666   664
1285     667   563   553
1286     479   664   665
1287     666   758   759
1288     664   556   667
1289     667   556   563
1290     848   448   847
1291     762   757   668
1292     207   669   227
1293     657   669   564
1294     566   670   390
1295     535   769   696
1296     152   693   672
1297     698   699   671
1298     566   679   565
1299     535   678   698
1300     682   494   685
1301     698   678   699
1302     494   674   501
1303     673   675   679
1304     675   565   679
1305     673   681   697
1306     682   681   673
1307     699   693   671
1308     675   697   698
1309     695   643   694
1310     734   676   693
1311     387   670   676
1312     497   679   566
1313     679   674   673
1314     689   491   493
1315     565   676   670
1316     673   674   682
1317     683   681   680
1318     494   495   685
1319     680   681   682
1320     687   686   763
1321     367   377   396
1322     491   689   687
1323     680   682   684
1324     685   495   492
1325     682   685   684
1326     851   847   849
1327     692   695   694
1328     491   687   684
1329     769   697   683
1330     692   687   763
1331     683   680   677
1332     493   690   689
1333     852   489   851
1334     490   690   493
1335     765   689   852
1336     676   671   693
1337     686   689   765
1338     694   683   677
1339     677   692   694
1340     695   692   763
1341     688   643   695
1342     696   769   419
1343     678   535   696
1344     769   683   694
1345     673   697   675
1346     697   535   698
1347     675   698   671
1348     678   672   699
1349     693   699   672
1350     702   700   536
1351     770   578   575
1352     575   898   770
1353     751   842   422
1354     644   702   536
1355     570   702   218
1356     626   716   703
1357     798   716   454
1358     456   856   364
1359     899   856   774
1360     881   710   384
1361     857   799   797
1362     878   819   706
1363     774   785   704
1364     860   705   877
1365     895   639   808
1366     819   783   635
1367     822   713   869
1368     875   814   712
1369    1018  1023   837
1370     864   710   465
1371     640   920   870
1372     822   384   713
1373     783   819   878
1374     634   521   316
1375     837  1009  1018
1376    1568   806   861
1377     811   808   642
1378     358   891   838
1379     298   620   328
1380     890   635   892
1381     775   916   829
1382     892   781   625
1383     624  1568   777
1384     446   634   316
1385     464   513   714
1386     534   464   519
1387     899   638   856
1388     870   868   465
1389     708   831   857
1390     458   533   457
1391     897   784   327
1392     573   721   567
1393     600   721   329
1394     632   724   411
1395     622   630   726
1396    1564   410   377
1397     411   724   405
1398     728   732   725
1399     350   366   632
1400     409   794   791
1401     799   532   800
1402     376   732   728
1403     335   621   720
1404     732   791   796
1405     387   728   408
1406     788   905   907
1407     723   410  1564
1408     726   630   350
1409     726   350   722
1410     733   405   723
1411     725   351   728
1412     791   731   409
1413     793   790   152
1414     730   459   723
1415     730   800   532
1416     676   734   387
1417     693   152   790
1418     749   736   467
1419     404   244   644
1420     404   736   645
1421     745   742   743
1422     538   541   739
1423     741   737   740
1424     740   738   741
1425     741   742   739
1426     742   741   738
1427     737     6   740
1428     737   741   739
1429     745   743    43
1430     742   113   744
1431     110   744   113
1432     742   738   743
1433     538   739   744
1434     746   745    43
1435     742   745   113
1436     748   747    49
1437     746    58    59
1438      60   748    49
1439     746    43   747
1440     746   748    58
1441     467   841   843
1442     753   749   843
1443     469   750   648
1444     645   750   646
1445     842   751   841
1446     843   649   753
1447       6   648   752
1448     753   750   749
1449     750   753   648
1450     659   754   652
1451     483   653   754
1452     755   844   845
1453     661   664   666
1454     211   766   767
1455     483   847   653
1456     666   479   757
1457     759   760   755
1458     666   759   661
1459     760   759   758
1460     760   758   761
1461     760   662   844
1462     854   758   762
1463     854   211   853
1464     762   668   854
1465     666   762   758
1466     763   686   765
1467     695   763   691
1468     653   847   851
1469     850   767   691
1470     852   689   690
1471     765   764   691
1472     768   767   766
1473     767   756   853
1474     850   691   764
1475     695   768   688
1476     767   768   691
1477     697   769   535
1478     609   898   773
1479     700   770   701
1480     575   576   773
1481     841   751   843
1482     898   842   701
1483     718   613   452
1484     508   773   576
1485     772   422   612
1486     712   814   863
1487     869   895   822
1488     584   774   704
1489    1043  1001  1015
1490     864   465   735
1491     601   875   712
1492     774   855   899
1493    1568   624   445
1494     873   920   995
1495     373   514   358
1496     704   637   451
1497     626   517   890
1498     890   819   635
1499     517   819   890
1500     889   781   893
1501     884   781   635
1502     946   636   607
1503     780   454   716
1504     920   873   870
1505     807   995   828
1506     875   641   705
1507     884   715   893
1508     898   701   770
1509     931   855   584
1510     816   887   451
1511     707   711   830
1512     449   581  1567
1513     913   727   453
1514     788   902   903
1515     789   905   914
1516     727   909   402
1517     912   909   727
1518     792   794   795
1519     734   790   376
1520     793   732   376
1521     792   795   797
1522     730   725   796
1523     731   791   793
1524     793   791   732
1525     795   631   797
1526     794   792   796
1527     796   792   800
1528     794   409   795
1529     725   732   796
1530     454   518   831
1531     874   836   884
1532     992   988   879
1533     906   908   911
1534     831   518   857
1535     796   800   730
1536     792   799   800
1537     532   799   453
1538     863   858   513
1539     817   871   866
1540     450   867   519
1541     465   868   735
1542     882   815   896
1543     875   580   814
1544     714   864   720
1545     806   707   861
1546     864   735   835
1547     735   868   806
1548    1151   832   894
1549     580   817   895
1550     839   812   807
1551     873   995   886
1552     998  1007   862
1553     978   979   982
1554    1099  1101  1064
1555    1051  1046  1048
1556     813   894   639
1557     814   713   863
1558     710   864   714
1559     812   886   807
1560     812   804   886
1561     884   836   715
1562     707   804   861
1563     810   977   775
1564     829   986   815
1565     922   882   896
1566     957   970   958
1567     989   801   820
1568     827   934   824
1569     829   919   775
1570     888  1019  1018
1571     826   640   811
1572     640   870   859
1573     881   859   710
1574     447   455   784
1575     861   804   918
1576     642   808   639
1577     882   887   815
1578     821   923   933
1579     919   834  1568
1580     829   815   816
1581     887   816   815
1582     635   783   884
1583     832   820   642
1584     821   926   924
1585     882   922   921
1586     837  1023  1024
1587     817   813   895
1588     987   824   828
1589     720   864   335
1590     986   916  1010
1591     640   826   920
1592     828   826   885
1593     823   880   782
1594    1075  1017  1074
1595     919   918   775
1596    1024  1027  1026
1597     922   818   921
1598     601   712   534
1599     580   895   869
1600     834   919   829
1601     814   869   713
1602     865   816   451
1603     775   977   916
1604     907   897   902
1605     862   825   802
1606     857   518   799
1607     892   635   781
1608     807   824   839
1609     895   808   822
1610     712   863   534
1611     641   786   877
1612     820   832   879
1613     465   710   859
1614    1009   837   866
1615     801   885   826
1616     745   840   113
1617      59   840   746
1618     700   841   467
1619     842   841   701
1620     612   898   609
1621     467   843   749
1622     845   482   484
1623     845   844   482
1624     380   663   846
1625     755   846   661
1626     380   846   845
1627     848   847   483
1628     849   847   756
1629     483   662   848
1630     662   760   448
1631     850   756   767
1632     849   764   851
1633     764   849   850
1634     756   850   849
1635     852   764   765
1636     653   851   489
1637     489   852   690
1638     764   852   851
1639     756   761   853
1640     854   853   761
1641     854   761   758
1642     211   854   668
1643     868   711   806
1644     825   877   802
1645     579   899   855
1646     579   638   899
1647     521   516   867
1648     521   634   516
1649     802   455   996
1650     922   932   923
1651     580   875   705
1652     866   837  1024
1653     923   924   818
1654     806   805   735
1655     825   888  1009
1656     824   807   828
1657    1150   879  1151
1658     803  1142  1145
1659     601   531   641
1660     874  1016  1001
1661     861   918   919
1662     825   862  1007
1663     445   805   806
1664     362   715   447
1665    1568   861   919
1666     811   640   881
1667     862   996   998
1668     829   816   834
1669     639   895   813
1670     810   775   918
1671     833   375   880
1672     839   824   876
1673     808   811   822
1674     445  1566   805
1675     987   828   885
1676     995   826   828
1677     823   833   880
1678     798   831   708
1679     882   921   584
1680     881   384   822
1681     626   833   517
1682    1002   998   999
1683     786   802   877
1684     777   834   816
1685     826   811   801
1686    1150  1163  1147
1687     711   870   873
1688     705   871   580
1689     983   943  1013
1690     873   886   830
1691     887   704   451
1692     804   830   886
1693     814   580   869
1694     980   978   982
1695     981   949   809
1696     897   327   902
1697     918   804   810
1698     707   806   711
1699     375   833   626
1700     804   707   830
1701     860  1009   866
1702     871   860   866
1703     879   988   989
1704     936   926   935
1705     878   884   783
1706     956  1034  1033
1707     821   924   923
1708     639   894   832
1709     642   801   811
1710     820   801   642
1711     892   623   890
1712     457   891   460
1713     823   517   833
1714     874   999   836
1715     358   778   385
1716     891   615   838
1717     716   798   703
1718     889   625   781
1719     838   637   778
1720     626   623   716
1721     822   811   881
1722     642   639   832
1723     817   866  1024
1724     988   827   987
1725     835   735   616
1726     580   871   817
1727     338   938   717
1728     720   519   464
1729     856   785   774
1730    1086  1085   961
1731     842   898   612
1732     704   785   637
1733     513   534   863
1734     447   715   997
1735     531   327   786
1736     606   515   608
1737     521   617   627
1738     907   902   788
1739     907   901   897
1740     904   622   726
1741     788   903   904
1742     622   904   903
1743     914   905   722
1744     908   907   905
1745     727   913   912
1746     616   735   805
1747     327   784   786
1748     906   901   907
1749     909   908   789
1750     906   907   908
1751     909   789   915
1752     633   518   454
1753     633   780   900
1754     910   913   900
1755     909   911   908
1756     889   911   910
1757     910   911   912
1758     909   912   911
1759     631   708   857
1760     910   912   913
1761     632   914   722
1762     915   914   411
1763     909   915   402
1764     914   915   789
1765     716   623   780
1766     839   980   812
1767     988   885   989
1768     986  1010   896
1769     818   936   931
1770     818   922   923
1771     932   922  1010
1772     923   942   933
1773     944   925   926
1774     924   926   936
1775     960   607   941
1776     941   940   938
1777    1072   957   958
1778     926   925   935
1779     916   809   949
1780     953   929   963
1781     942   965   964
1782     942   948   965
1783     787   974  1040
1784     961  1088  1089
1785     930   939   938
1786     931   937   855
1787     818   931   921
1788     937   931   930
1789    1010   922   896
1790     932   927   942
1791     923   932   942
1792     974   954   957
1793     968   926   821
1794     956   929   964
1795     935   925   939
1796     936   935   930
1797     931   936   930
1798     924   936   818
1799     937   930   938
1800     855   937   338
1801     930   935   939
1802     587   940   528
1803     945   960   939
1804     940   941   528
1805     527   940   587
1806     941   938   939
1807     960   941   939
1808     947   941   607
1809     927   948   942
1810     965   948   917
1811     943   983  1061
1812    1032  1134  1132
1813     933   953   821
1814    1073  1035  1038
1815     975  1034   956
1816     972  1243  1013
1817     929  1033   963
1818     946   955   636
1819     607   611   947
1820     588   947   611
1821    1010   949   927
1822     962   954   944
1823     917   948   949
1824     949   948   927
1825     979   809   977
1826     955   959   974
1827     933   964   929
1828     959   955   945
1829     967  1042   966
1830    1031  1029  1030
1831     965   967   952
1832     933   929   953
1833     925   959   945
1834     955   787   636
1835     971   934   972
1836     942   964   933
1837     975   956   952
1838     515  1036     5
1839     967   965   917
1840     954   962   957
1841     962   953   963
1842     946   945   955
1843     953   962   968
1844     960   945   946
1845     945   939   925
1846     607   960   946
1847    1072  1073  1216
1848     934   827  1011
1849     985   928   984
1850     984   928   943
1851    1332  1336  1316
1852     944   926   968
1853     963   970   962
1854    1041   951   981
1855     967   917   951
1856     964   965   952
1857     824   934   876
1858     979   981   809
1859     954   974   959
1860     953   968   821
1861     944   968   962
1862    1080  1070  1079
1863    1042   951   973
1864    1029   975   952
1865    1035   970   963
1866    1083  1095  1096
1867     994  1011   827
1868     959   944   954
1869     943   971   972
1870     962   970   957
1871     993   994  1168
1872    1207  1130  1126
1873     934   971   876
1874    1028  1066  1061
1875    1041   981   978
1876     964   952   956
1877     966  1029   967
1878     812   982   810
1879     916   977   809
1880     980   985   978
1881     917   949   981
1882     810   979   977
1883     979   978   981
1884     839   876   980
1885     943   928   971
1886     951  1041   973
1887     917   981   951
1888     810   982   979
1889     812   980   982
1890    1011   972   934
1891    1013  1012  1580
1892     876   928   980
1893    1028  1061  1062
1894     928   985   980
1895     985   984  1066
1896     815   986   896
1897     829   916   986
1898     988   987   885
1899     824   987   827
1900    1149  1205  1145
1901     994   988   992
1902     801   989   885
1903     879   989   820
1904    1181  1186  1154
1905     827   988   994
1906    1150  1151  1163
1907    1242  1241  1204
1908    1159  1161  1167
1909     991  1168   994
1910     991  1161  1162
1911     971   928   876
1912     991   994   992
1913     994   993  1011
1914     995   807   886
1915     826   995   920
1916     997   996   455
1917     998   996   872
1918     447   997   455
1919     836   997   715
1920     999   872   836
1921     999   998   872
1922    1001   999   874
1923     999  1001  1002
1924     943  1061   984
1925    1058  1056  1003
1926     874   878  1016
1927     998  1002   776
1928    1000  1003  1001
1929    1003  1002  1001
1930    1058  1054  1091
1931    1058  1003  1000
1932    1217  1213  1038
1933    1111  1060  1068
1934    1045  1047  1050
1935    1054  1058  1000
1936    1105  1173  1219
1937    1050  1136  1000
1938    1019  1007   776
1939     825  1007   888
1940    1020  1057  1053
1941    1109  1111  1057
1942     825  1009   860
1943    1018  1009   888
1944     949  1010   916
1945     932  1010   927
1946    1011   993  1242
1947    1179  1181  1154
1948    1028  1062  1081
1949     972  1013   943
1950    1580  1063  1013
1951    1239  1232  1188
1952     975  1029  1031
1953    1045  1046  1044
1954    1000  1001  1043
1955     706  1016   878
1956    1001  1016  1015
1957    1110  1093  1114
1958    1097  1074  1052
1959     888  1007  1019
1960    1068  1023  1018
1961     776  1022  1053
1962    1018  1019  1053
1963    1002  1022   776
1964    1055  1091  1092
1965    1020  1005  1057
1966     813  1024  1026
1967    1056  1002  1003
1968    1022  1020  1053
1969    1068  1018  1008
1970    1024  1023  1021
1971    1024  1021  1027
1972     813   817  1024
1973    1115  1140  1060
1974    1025  1140  1141
1975    1059  1026  1025
1976     894  1026   883
1977    1140  1027  1021
1978    1026  1027  1025
1979    1033  1035   963
1980    1036   515   787
1981     967  1029   952
1982    1029   966  1030
1983    1079  1030   966
1984    1083  1130  1095
1985    1030   969  1031
1986     969   975  1031
1987     974   957  1076
1988    1209  1214  1039
1989     956  1033   929
1990    1035  1033  1032
1991    1134   975   969
1992    1032  1033  1034
1993    1035  1032  1038
1994    1035   958   970
1995     969  1129  1132
1996    1028  1041  1066
1997    1087   974  1017
1998    1089  1075  1037
1999    1038  1032  1135
2000    1085  1036  1040
2001    1030  1095   969
2002    1062   983  1063
2003    1036   787  1040
2004    1080  1042   973
2005    1066   978   985
2006    1045  1015  1067
2007     951  1042   967
2008    1041  1028   973
2009    1611  1136  1047
2010    1043  1015  1045
2011    1043  1050  1000
2012    1045  1067  1046
2013    1045  1044  1608
2014    1048   706   823
2015    1049  1051  1048
2016    1051   719  1610
2017    1017   974  1076
2018    1049   719  1051
2019     706  1048  1046
2020    1045  1050  1043
2021    1048   782  1049
2022    1050  1047  1136
2023    1609  1612  1611
2024    1044  1046  1051
2025    1055  1092  1109
2026    1097  1075  1074
2027    1018  1053  1008
2028    1053  1019   776
2029    1020  1056  1005
2030    1053  1057  1008
2031    1056  1022  1002
2032    1107  1078  1069
2033    1026  1059   883
2034    1027  1140  1025
2035    1058  1005  1056
2036    1005  1058  1055
2037    1059   803  1205
2038    1219  1078  1105
2039    1124  1125  1245
2040    1020  1022  1056
2041    1109  1005  1055
2042    1021  1023  1068
2043    1065  1062  1063
2044    1062  1061   983
2045    1120  1094  1004
2046    1013  1063   983
2047    1065  1063  1014
2048    1579  1256  1276
2049    1080  1082  1094
2050    1065  1014  1579
2051    1082  1065  1064
2052    1066  1041   978
2053    1061  1066   984
2054    1016  1067  1015
2055     706  1046  1067
2056    1111  1068  1008
2057    1021  1068  1060
2058    1008  1057  1111
2059    1091  1078  1092
2060    1080   966  1042
2061    1122  1096  1103
2062    1004  1064  1098
2063    1266  1171  1248
2064    1073  1072   958
2065    1074  1072  1052
2066    1035  1073   958
2067    1217  1039  1214
2068    1097  1606  1075
2069    1076  1074  1017
2070    1040  1087  1085
2071    1086     5  1036
2072     957  1072  1076
2073    1074  1076  1072
2074    1124  1122  1123
2075    1101  1090  1098
2076    1106  1612  1616
2077    1107  1092  1078
2078    1080  1079   966
2079    1096  1079  1070
2080    1081   973  1028
2081    1081  1062  1082
2082    1062  1065  1082
2083     973  1081  1080
2084    1094  1064  1004
2085    1080  1081  1082
2086    1030  1096  1095
2087    1244  1207  1071
2088    1038  1213  1073
2089    1604  1605  1606
2090    1088  1017  1075
2091     974  1087  1040
2092    1085  1086  1036
2093    1088  1087  1017
2094     961  1085  1088
2095    1088  1085  1087
2096    1070  1120  1096
2097    1075  1089  1088
2098    1098  1102  1004
2099    1058  1091  1055
2100    1105  1091  1054
2101    1136  1106  1173
2102    1219  1220  1221
2103    1224  1174  1139
2104    1108  1116  1138
2105    1080  1094  1070
2106    1064  1094  1082
2107    1030  1079  1096
2108    1095  1130  1129
2109    1103  1096  1120
2110    1102  1103  1004
2111    1215  1097  1052
2112    1097  1084  1606
2113    1064  1065  1099
2114    1584  1102  1098
2115    1580  1256  1579
2116    1278  1090  1279
2117    1275  1077  1274
2118    1077  1271  1274
2119    1064  1101  1098
2120    1099  1276  1279
2121    1584  1098  1090
2122    1102  1100  1103
2123    1425  1123  1103
2124    1096  1122  1083
2125    1136  1173  1105
2126    1109  1092  1093
2127    1091  1105  1078
2128    1054  1136  1105
2129    1611  1106  1136
2130    1174  1138  1107
2131    1222  1169  1108
2132    1092  1107  1138
2133    1115  1060  1110
2134    1109  1093  1110
2135    1005  1109  1057
2136    1169  1114  1116
2137    1115  1114  1118
2138    1109  1110  1111
2139    1060  1111  1110
2140    1222  1226  1227
2141    1142  1146  1145
2142    1118  1165  1113
2143     803  1059  1141
2144    1116  1114  1093
2145    1118  1114  1112
2146    1114  1115  1110
2147    1115  1113  1140
2148    1138  1116  1093
2149    1227  1117  1222
2150    1229  1228  1178
2151    1223  1112  1169
2152    1112  1164  1165
2153    1115  1118  1113
2154    1187  1180  1192
2155    1167  1150  1147
2156    1094  1120  1070
2157    1004  1103  1120
2158    1101  1279  1090
2159    1287  1208  1282
2160    1123  1122  1103
2161    1126  1122  1124
2162    1425  1103  1100
2163    1124  1123  1121
2164    1125  1124  1121
2165    1124  1071  1126
2166    1346  1327  1345
2167    1211  1267  1302
2168    1207  1170  1206
2169    1083  1122  1126
2170    1206  1170  1268
2171    1172  1209  1039
2172    1131  1209  1172
2173    1095  1129   969
2174    1129  1130  1133
2175    1032  1034  1134
2176    1126  1130  1083
2177    1133  1130  1128
2178    1131  1133  1206
2179    1248  1209  1210
2180    1129  1133  1172
2181    1135  1132  1172
2182    1133  1128  1206
2183    1133  1131  1172
2184     975  1134  1034
2185     969  1132  1134
2186    1135  1039  1217
2187    1032  1132  1135
2188    1136  1054  1000
2189    1608  1611  1047
2190    1609  1608  1610
2191    1139  1174  1218
2192    1092  1138  1093
2193    1174  1107  1069
2194    1220  1104  1175
2195    1166  1177  1178
2196    1140  1021  1060
2197    1144  1165  1142
2198    1025  1141  1059
2199    1144  1140  1113
2200     803  1141  1142
2201    1144  1142  1141
2202    1146  1143  1145
2203    1143  1146  1155
2204    1140  1144  1141
2205    1144  1113  1165
2206    1146  1142  1119
2207    1149  1145  1143
2208    1153  1146  1119
2209    1146  1157  1155
2210    1149  1156  1147
2211    1150   991   992
2212    1117  1176  1223
2213    1157  1228  1160
2214    1179  1156  1143
2215    1147  1163  1205
2216     992   879  1150
2217     832  1151   879
2218     894   883  1151
2219    1151   883  1163
2220    1077  1269  1271
2221    1159  1156  1154
2222    1164  1153  1119
2223    1155  1157  1152
2224    1152  1182  1155
2225    1152  1185  1182
2226    1157  1146  1153
2227    1181  1185  1180
2228    1143  1156  1149
2229    1188  1191  1186
2230    1164  1112  1176
2231    1148  1153  1164
2232    1181  1182  1185
2233    1191  1159  1154
2234    1161  1159   990
2235    1156  1159  1167
2236    1153  1148  1228
2237    1164  1176  1148
2238    1161   990  1162
2239    1167   991  1150
2240    1184  1238  1239
2241    1204  1243  1242
2242    1059  1163   883
2243    1163  1059  1205
2244    1165  1164  1119
2245    1112  1223  1176
2246    1119  1142  1165
2247    1112  1165  1118
2248    1178  1117  1227
2249    1157  1160  1152
2250    1167  1147  1156
2251     991  1167  1161
2252     991  1162  1168
2253    1168  1162  1241
2254    1114  1169  1112
2255    1108  1169  1116
2256    1208  1244  1245
2257    1207  1244  1170
2258    1248  1211  1266
2259    1601  1602  1171
2260    1135  1172  1039
2261    1172  1132  1129
2262    1616  1173  1106
2263    1219  1173  1137
2264    1138  1174  1108
2265    1218  1174  1069
2266    1218  1069  1219
2267    1251  1250  1006
2268    1160  1229   709
2269    1148  1176  1117
2270    1178  1148  1117
2271    1178  1177  1229
2272    1156  1179  1154
2273    1155  1179  1143
2274    1179  1155  1182
2275    1238  1240  1237
2276    1186  1181  1187
2277    1188  1232   990
2278    1179  1182  1181
2279    1152  1160  1252
2280    1230  1254  1253
2281    1184  1186  1187
2282    1234  1233  1255
2283    1187  1181  1180
2284    1183  1258  1194
2285    1188  1186  1184
2286    1194  1189  1192
2287    1238  1237  1239
2288    1202  1261  1237
2289    1191   990  1159
2290    1158  1572  1235
2291    1195  1197  1199
2292    1196  1184  1187
2293    1280  1263  1264
2294    1186  1191  1154
2295     990  1191  1188
2296    1203  1194  1192
2297    1197  1196  1192
2298    1233  1234  1204
2299    1162   990  1232
2300    1203  1192  1180
2301    1194  1203  1231
2302    1572  1578  1573
2303    1202  1240  1201
2304    1187  1192  1196
2305    1197  1192  1189
2306    1578  1199  1197
2307    1195  1196  1197
2308     337  1479  1495
2309    1195  1199  1201
2310    1578  1197  1189
2311    1198  1289  1201
2312    1272  1288  1291
2313    1259  1260  1261
2314    1198  1201  1199
2315    1202  1201  1200
2316    1259  1202  1200
2317    1193  1237  1190
2318    1180  1185  1203
2319    1152  1252  1185
2320    1168  1241   993
2321    1162  1232  1233
2322    1145  1205   803
2323    1147  1205  1149
2324    1206  1127  1131
2325    1207  1206  1128
2326    1130  1207  1128
2327    1071  1207  1126
2328    1208  1245  1281
2329    1569  1621   976
2330    1210  1209  1131
2331    1171  1602  1214
2332    1131  1127  1210
2333    1127  1211  1248
2334    1287  1267  1268
2335    1208  1281  1282
2336    1247  1353  1622
2337    1052  1216  1215
2338    1215  1213  1212
2339    1216  1213  1215
2340    1171  1214  1209
2341    1217  1212  1213
2342    1212  1602  1603
2343    1215  1084  1097
2344    1072  1216  1052
2345    1073  1213  1216
2346    1217  1038  1135
2347    1212  1217  1214
2348    1220  1219  1137
2349    1219  1069  1078
2350    1220  1137  1617
2351    1250  1218  1221
2352    1221  1220  1175
2353    1250  1175  1006
2354    1219  1221  1218
2355    1108  1224  1222
2356    1225  1226  1251
2357    1169  1222  1223
2358    1117  1223  1222
2359    1174  1224  1108
2360    1139  1250  1251
2361    1224  1139  1251
2362    1224  1226  1222
2363    1226  1225  1227
2364    1225  1166  1227
2365    1178  1227  1166
2366    1153  1228  1157
2367    1228  1148  1178
2368     709  1229  1177
2369    1160  1228  1229
2370    1183  1231  1254
2371    1231  1183  1194
2372    1185  1231  1203
2373    1254  1252  1253
2374    1255  1193  1190
2375    1233  1232  1193
2376    1233  1204  1241
2377    1260  1190  1261
2378    1257  1234  1256
2379    1259  1272  1236
2380    1573  1194  1258
2381    1579  1276  1099
2382    1239  1237  1193
2383    1184  1196  1238
2384    1196  1195  1238
2385    1240  1238  1195
2386    1232  1239  1193
2387    1184  1239  1188
2388    1201  1240  1195
2389    1237  1240  1202
2390    1233  1241  1162
2391    1243  1204  1257
2392    1011  1242   972
2393     993  1241  1242
2394    1013  1243  1012
2395     972  1242  1243
2396    1245  1244  1071
2397    1287  1244  1208
2398    1124  1245  1071
2399    1281  1245  1125
2400    1326  1325  1322
2401    1305  1309  1311
2402    1211  1127  1267
2403    1295  1306  1304
2404    1209  1248  1171
2405    1127  1248  1210
2406    1314  1293  1282
2407    1267  1249  1302
2408    1218  1250  1139
2409    1175  1250  1221
2410    1225  1251  1006
2411    1224  1251  1226
2412    1252  1160  1253
2413    1231  1185  1252
2414    1160   709  1253
2415    1230  1253   709
2416    1183  1254  1230
2417    1231  1252  1254
2418    1193  1255  1233
2419    1263  1255  1190
2420    1257  1256  1012
2421    1190  1260  1263
2422    1243  1257  1012
2423    1204  1234  1257
2424    1183  1235  1258
2425    1235  1572  1573
2426    1270  1271  1283
2427    1259  1236  1260
2428    1264  1260  1236
2429    1263  1234  1255
2430    1237  1261  1190
2431    1259  1261  1202
2432    1269  1262  1264
2433    1277  1276  1262
2434    1263  1260  1264
2435    1256  1234  1263
2436    1269  1264  1236
2437    1264  1262  1280
2438    1322  1318  1323
2439    1282  1281  1314
2440    1303  1211  1302
2441    1622  1601  1247
2442    1268  1267  1127
2443    1293  1295  1249
2444    1206  1268  1127
2445    1244  1287  1170
2446    1283  1271  1269
2447    1269  1077  1277
2448    1200  1288  1272
2449    1584  1581  1585
2450    1283  1269  1236
2451    1270  1446  1274
2452    1259  1200  1272
2453    1578  1574  1198
2454    1520  1443  1447
2455    1265  1319  1315
2456    1270  1274  1271
2457    1275  1274  1273
2458    1275  1273  1344
2459    1278  1582  1090
2460    1280  1276  1256
2461    1262  1269  1277
2462    1277  1077  1278
2463    1276  1277  1279
2464    1077  1275  1278
2465    1582  1275  1581
2466    1099  1279  1101
2467    1277  1278  1279
2468    1276  1280  1262
2469    1256  1263  1280
2470    1281  1125  1318
2471    1281  1265  1314
2472    1314  1315  1286
2473    1282  1249  1287
2474    1236  1272  1283
2475    1270  1283  1272
2476    1198  1574  1575
2477    1270  1272  1291
2478    1350  1285  1347
2479    1333  1389  1330
2480    1302  1295  1304
2481    1249  1282  1293
2482    1267  1287  1249
2483    1170  1287  1268
2484    1289  1288  1200
2485    1291  1288  1483
2486    1201  1289  1200
2487    1494  1489  1449
2488    1451  1284  1496
2489    1292  1439  1440
2490    1482  1288  1289
2491    1291  1290  1447
2492    1448  1589  1438
2493    1321  1316  1317
2494     976  1621  1622
2495    1299  1311  1309
2496    1312  1299  1301
2497    1310  1304  1306
2498    1247  1303  1297
2499    1302  1352  1303
2500    1408  1356  1407
2501    1295  1302  1249
2502    1352  1302  1304
2503    1316  1336  1343
2504    1299  1286  1246
2505    1331  1363  1367
2506    1299  1246  1301
2507    1340  1301  1246
2508    1312  1301  1294
2509    1309  1286  1299
2510    1308  1310  1306
2511    1340  1246  1339
2512    1295  1307  1306
2513    1266  1303  1247
2514    1211  1303  1266
2515    1354   976  1353
2516    1313  1360  1312
2517    1586  1304  1310
2518    1308  1306  1305
2519    1307  1295  1293
2520    1309  1293  1286
2521    1305  1306  1307
2522    1305  1311  1356
2523    1296  1586  1587
2524    1305  1307  1309
2525    1309  1307  1293
2526    1298  1587  1588
2527    1586  1296  1354
2528    1294  1313  1312
2529    1355  1358  1407
2530    1313  1294  1403
2531    1299  1312  1311
2532    1367  1375  1331
2533    1376  1364  1370
2534    1315  1314  1265
2535    1293  1314  1286
2536    1319  1318  1321
2537    1246  1286  1315
2538    1332  1325  1328
2539    1317  1405  1315
2540    1281  1318  1319
2541    1339  1343  1336
2542    1323  1125  1424
2543    1319  1321  1317
2544    1315  1319  1317
2545    1281  1319  1265
2546    1423  1404  1327
2547    1328  1330  1332
2548    1318  1322  1321
2549    1316  1321  1325
2550    1323  1318  1125
2551    1322  1320  1326
2552    1424  1125  1121
2553    1320  1322  1323
2554    1324  1326  1327
2555    1324  1346  1347
2556    1322  1325  1321
2557    1328  1325  1324
2558    1326  1320  1423
2559    1325  1326  1324
2560    1424  1404  1423
2561    1275  1344  1345
2562    1347  1328  1324
2563    1328  1285  1330
2564    1486  1589  1448
2565    1285  1333  1330
2566    1450  1478  1486
2567    1332  1330  1329
2568    1463  1421  1497
2569    1334  1336  1342
2570    1338  1342  1329
2571    1325  1332  1316
2572    1350  1333  1285
2573    1453  1389  1349
2574    1373  1398  1400
2575    1340  1341  1294
2576    1369  1387  1379
2577    1589  1333  1350
2578    1329  1336  1332
2579    1336  1334  1339
2580    1368  1434  1382
2581    1516  1514  1510
2582    1369  1367  1300
2583    1427  1338  1428
2584    1301  1340  1294
2585    1405  1339  1246
2586    1334  1406  1339
2587    1341  1300  1403
2588    1340  1406  1341
2589    1378  1377  1396
2590    1329  1342  1336
2591    1427  1342  1338
2592    1405  1343  1339
2593    1317  1316  1343
2594    1439  1438  1440
2595    1345  1344  1292
2596    1346  1345  1292
2597    1345  1327  1583
2598    1347  1346  1292
2599    1327  1346  1324
2600    1438  1439  1442
2601    1347  1285  1328
2602    1521  1477  1487
2603    1378  1399  1377
2604    1369  1368  1387
2605    1333  1349  1389
2606    1440  1347  1292
2607    1338  1329  1335
2608    1523  1455  1453
2609    1382  1507  1391
2610    1304  1297  1352
2611    1303  1352  1297
2612    1247  1297  1353
2613    1354  1353  1297
2614    1586  1354  1297
2615     976  1354  1296
2616    1359  1356  1311
2617    1356  1308  1305
2618    1407  1358  1408
2619    1360  1359  1311
2620    1360  1362  1357
2621    1298  1408  1358
2622    1359  1407  1356
2623    1311  1312  1360
2624    1357  1376  1407
2625    1363  1362  1360
2626    1357  1359  1360
2627    1385  1386  1387
2628    1422  1388  1475
2629    1363  1360  1313
2630    1372  1364  1362
2631    1300  1367  1313
2632    1417  1418  1380
2633    1376  1370  1355
2634    1357  1362  1364
2635    1382  1383  1385
2636    1398  1372  1331
2637    1399  1378  1373
2638    1468  1466  1467
2639    1313  1367  1363
2640    1377  1387  1396
2641    1453  1335  1389
2642    1418  1364  1372
2643    1369  1381  1368
2644    1398  1373  1380
2645    1364   950  1370
2646    1412  1373  1378
2647    1363  1372  1362
2648    1400  1398  1375
2649    1392  1410  1383
2650    1371  1396  1390
2651    1420  1371  1390
2652    1377  1400  1379
2653    1367  1369  1375
2654    1375  1369  1379
2655    1357  1407  1359
2656    1364  1376  1357
2657    1421  1419  1422
2658    1364  1418   950
2659    1381  1369  1300
2660    1387  1368  1385
2661    1396  1366  1378
2662    1468  1470  1401
2663    1379  1387  1377
2664    1400  1377  1399
2665    1341  1429  1300
2666    1426  1341  1406
2667    1372  1363  1331
2668    1499  1505  1502
2669    1430  1381  1429
2670    1386  1385  1383
2671    1341  1426  1429
2672    1411  1521  1487
2673    1383  1382  1391
2674    1386  1390  1396
2675    1368  1382  1385
2676    1545  1542  1547
2677    1430  1368  1381
2678    1392  1383  1391
2679    1372  1398  1380
2680    1341  1403  1294
2681    1420  1410  1388
2682    1383  1390  1386
2683    1300  1313  1403
2684    1409  1432  1430
2685    1455  1457  1397
2686    1382  1348  1507
2687    1472  1474  1518
2688    1422  1419  1460
2689    1331  1375  1398
2690    1333  1589  1395
2691    1470  1378  1366
2692    1412  1413  1416
2693    1349  1333  1395
2694    1396  1387  1386
2695    1390  1410  1420
2696    1431  1397  1459
2697    1338  1431  1428
2698    1373  1400  1399
2699    1488  1395  1394
2700    1365  1415  1413
2701    1330  1389  1329
2702    1420  1460  1371
2703    1396  1371  1366
2704    1401  1366  1371
2705    1460  1462  1465
2706    1375  1379  1400
2707    1463  1462  1419
2708    1404  1425  1585
2709    1425  1404  1424
2710    1315  1405  1246
2711    1343  1405  1317
2712    1339  1406  1340
2713    1426  1406  1334
2714    1355  1407  1376
2715    1588  1408  1298
2716    1408  1308  1356
2717    1329  1389  1335
2718    1409  1427  1428
2719    1383  1410  1390
2720    1471  1410  1392
2721    1450  1411  1478
2722    1392  1474  1471
2723    1414  1373  1416
2724    1416  1415  1414
2725    1415  1374  1414
2726    1380  1418  1372
2727    1373  1414  1380
2728    1470  1469  1412
2729    1412  1416  1373
2730    1415  1416  1413
2731    1414  1417  1380
2732    1414  1374  1417
2733     950  1418  1417
2734    1422  1460  1420
2735    1466  1468  1465
2736    1554  1543  1553
2737    1388  1422  1420
2738    1388  1410  1471
2739    1591  1462  1590
2740    1463  1419  1421
2741    1326  1423  1327
2742    1424  1423  1320
2743    1323  1424  1320
2744    1425  1424  1121
2745    1123  1425  1121
2746    1585  1425  1100
2747    1334  1342  1427
2748    1429  1426  1409
2749    1409  1426  1427
2750    1334  1427  1426
2751    1338  1335  1431
2752    1348  1435  1433
2753    1429  1409  1430
2754    1429  1381  1300
2755    1409  1428  1432
2756    1368  1430  1434
2757    1335  1397  1431
2758    1459  1397  1458
2759    1433  1432  1428
2760    1434  1348  1382
2761    1459  1433  1428
2762    1348  1433  1351
2763    1430  1432  1434
2764    1432  1433  1435
2765    1348  1434  1435
2766    1432  1435  1434
2767    1421  1527  1497
2768    1471  1475  1388
2769    1476  1507  1508
2770    1351  1458  1511
2771    1439  1292  1344
2772    1445  1442  1439
2773    1273  1445  1344
2774    1443  1441  1442
2775    1589  1440  1438
2776    1347  1440  1350
2777    1487  1478  1411
2778    1444  1448  1442
2779    1442  1445  1443
2780    1442  1441  1444
2781    1446  1443  1445
2782    1446  1270  1447
2783    1451  1444  1441
2784    1444  1452  1450
2785    1344  1445  1439
2786    1446  1445  1273
2787    1274  1446  1273
2788    1270  1291  1447
2789    1290  1284  1520
2790    1443  1446  1447
2791    1448  1444  1450
2792    1442  1448  1438
2793    1288  1482  1483
2794    1483  1290  1291
2795    1452  1444  1451
2796    1515  1537  1540
2797    1441  1520  1284
2798    1450  1452  1411
2799     337  1493  1479
2800    1455  1397  1453
2801    1488  1349  1395
2802    1397  1335  1453
2803    1394  1486  1478
2804    1397  1457  1458
2805    1523  1453  1349
2806    1537  1457  1454
2807    1517  1384  1498
2808    1437  1476  1508
2809    1454  1457  1455
2810    1458  1457  1456
2811    1456  1510  1511
2812    1433  1459  1351
2813    1431  1459  1428
2814    1351  1459  1458
2815    1371  1460  1401
2816    1462  1460  1419
2817    1590  1462  1461
2818    1547  1542  1546
2819    1460  1465  1401
2820    1545  1463  1497
2821    1462  1463  1461
2822    1421  1528  1527
2823    1475  1499  1502
2824    1466  1462  1591
2825    1465  1462  1466
2826    1402  1467  1466
2827    1465  1468  1401
2828    1402  1365  1467
2829    1365  1413  1469
2830    1469  1468  1467
2831    1469  1470  1468
2832    1365  1469  1467
2833    1412  1469  1413
2834    1378  1470  1412
2835    1470  1366  1401
2836    1518  1391  1507
2837    1544  1528  1421
2838    1599  1598  1556
2839    1500  1474  1472
2840    1473  1506  1436
2841    1544  1475  1502
2842    1518  1474  1392
2843    1619  1503  1595
2844    1500  1499  1471
2845    1499  1475  1471
2846    1508  1348  1351
2847    1508  1351  1511
2848    1284  1451  1441
2849    1452  1451  1496
2850    1484  1490  1491
2851    1488  1541  1523
2852    1493   337  1485
2853    1484  1483  1481
2854    1284  1492  1491
2855    1575  1289  1198
2856    1482  1481  1483
2857    1481  1482  1575
2858    1290  1483  1492
2859    1484  1494  1490
2860    1492  1484  1491
2861    1486  1394  1589
2862    1452  1493  1411
2863    1450  1486  1448
2864    1522  1539  1525
2865    1541  1524  1525
2866    1394  1478  1488
2867    1487  1524  1478
2868    1449  1480  1490
2869    1484  1481  1494
2870    1480  1495  1491
2871    1490  1480  1491
2872    1479  1452  1496
2873    1290  1492  1284
2874    1483  1484  1492
2875    1479  1493  1452
2876    1521  1493  1485
2877    1494  1481  1577
2878    1490  1494  1449
2879     337  1495  1480
2880    1496  1495  1479
2881    1284  1491  1496
2882    1496  1491  1495
2883    1514  1437  1511
2884    1497  1527  1533
2885    1471  1474  1500
2886    1472  1503  1500
2887    1499  1504  1505
2888    1503  1620  1500
2889    1502  1505  1501
2890    1527  1528  1532
2891    1500  1592  1504
2892    1528  1544  1501
2893    1472  1518  1519
2894    1519  1595  1472
2895    1499  1500  1504
2896    1530  1505  1506
2897    1506  1505  1504
2898    1436  1506  1504
2899    1473  1535  1530
2900    1508  1507  1348
2901    1518  1507  1476
2902    1456  1511  1458
2903    1437  1513  1512
2904    1524  1487  1525
2905    1593  1594  1619
2906    1509  1593  1513
2907    1514  1511  1510
2908    1508  1511  1437
2909    1437  1512  1519
2910    1456  1537  1515
2911    1510  1456  1515
2912    1516  1498  1596
2913    1509  1596  1498
2914    1514  1513  1437
2915    1510  1515  1516
2916    1596  1513  1514
2917    1517  1515  1384
2918    1498  1516  1517
2919    1515  1517  1516
2920    1391  1518  1392
2921    1519  1518  1476
2922    1437  1519  1476
2923    1512  1595  1519
2924    1443  1520  1441
2925    1290  1520  1447
2926    1493  1521  1411
2927    1485  1477  1521
2928    1455  1523  1454
2929    1487  1477  1538
2930    1349  1488  1523
2931    1538  1525  1487
2932    1488  1478  1524
2933    1522  1384  1539
2934    1541  1454  1523
2935    1530  1501  1505
2936    1550  1548  1543
2937    1533  1527  1534
2938    1421  1422  1544
2939    1532  1528  1501
2940    1393  1536  1529
2941    1623  1625  1551
2942    1473  1530  1506
2943    1473  1529  1535
2944    1549  1536  1393
2945    1542  1548  1550
2946    1530  1532  1501
2947    1535  1532  1530
2948    1527  1532  1534
2949    1533  1531  1543
2950    1534  1532  1535
2951    1531  1533  1534
2952    1531  1534  1536
2953    1535  1529  1536
2954    1536  1534  1535
2955    1457  1537  1456
2956    1540  1537  1454
2957    1477  1522  1538
2958    1525  1538  1522
2959    1384  1515  1539
2960    1540  1539  1515
2961    1541  1540  1454
2962    1539  1540  1525
2963    1524  1541  1488
2964    1540  1541  1525
2965    1533  1543  1548
2966    1547  1546  1361
2967    1536  1549  1531
2968    1542  1550  1526
2969    1475  1544  1422
2970    1501  1544  1502
2971    1463  1545  1461
2972    1548  1545  1497
2973    1590  1547  1361
2974    1542  1526  1546
2975    1547  1461  1545
2976    1545  1548  1542
2977    1533  1548  1497
2978    1599  1558  1598
2979    1552  1550  1554
2980    1531  1553  1543
2981    1552  1526  1550
2982    1624  1559  1625
2983    1559  1556  1598
2984    1393  1555  1549
2985    1543  1554  1550
2986    1549  1553  1531
2987    1557  1558  1599
2988    1464  1554  1597
2989    1464  1552  1554
2990    1557  1554  1553
2991    1560  1557  1549
2992    1553  1549  1557
2993    1560  1558  1557
2994    1555  1551  1558
2995    1558  1551  1598
2996    1464  1597  1599
2997    1549  1555  1560
2998    1558  1560  1555
2999     131  1562   138
3000     183  1561   158
3001     205  1562   133
3002     487  1563   207
3003     658  1563   486
3004     351  1564   377
3005     730  1564   725
3006    1567   457   533
3007    1566  1565   616
3008     805  1566   616
3009     615  1566   445
3010     616  1567   581
3011     457  1567  1565
3012     777  1568   834
3013     806  1568   445
3014       3  1613  1570
3015    1603  1215  1212
3016    1616  1612  1618
3017    1609  1571  1607
3018    1616  1137  1173
3019    1574  1572  1158
3020    1578  1198  1199
3021    1194  1573  1189
3022    1235  1573  1258
3023    1158  1576  1574
3024    1576  1577  1575
3025    1575  1482  1289
3026    1575  1574  1576
3027    1158  1489  1576
3028    1576  1489  1577
3029    1494  1577  1489
3030    1481  1575  1577
3031    1573  1578  1189
3032    1578  1572  1574
3033    1065  1579  1099
3034    1580  1579  1014
3035    1063  1580  1014
3036    1256  1580  1012
3037    1583  1275  1345
3038    1327  1585  1583
3039    1275  1582  1278
3040    1584  1582  1581
3041    1585  1327  1404
3042    1275  1583  1581
3043    1102  1584  1100
3044    1582  1584  1090
3045    1584  1585  1100
3046    1583  1585  1581
3047    1304  1586  1297
3048    1310  1308  1588
3049    1588  1308  1408
3050    1586  1310  1588
3051    1586  1588  1587
3052    1395  1589  1394
3053    1440  1589  1350
3054    1547  1590  1461
3055    1591  1402  1466
3056    1337  1436  1592
3057    1590  1361  1591
3058    1504  1592  1436
3059    1513  1596  1509
3060    1516  1596  1514
3061    1592  1500  1620
3062    1593  1595  1512
3063    1595  1503  1472
3064    1512  1513  1593
3065    1593  1509  1594
3066    1337  1619  1594
3067    1557  1597  1554
3068    1464  1599  1556
3069    1599  1597  1557
3070    1601  1171  1266
3071    1600  1604  1603
3072    1247  1601  1266
3073    1602  1601  1600
3074    1602  1600  1603
3075    1602  1212  1214
3076    1600  1621  1604
3077    1084  1215  1603
3078    1606  1605  1037
3079    1084  1603  1604
3080    1606  1037  1075
3081    1604  1569  1605
3082    1604  1606  1084
3083    1610   719  1571
3084    1610  1571  1609
3085    1045  1608  1047
3086    1610  1044  1051
3087    1607  1570  1614
3088    1608  1609  1611
3089    1570  1613  1614
3090    1044  1610  1608
3091    1106  1611  1612
3092    1609  1614  1612
3093    1617  1104  1220
3094    1614  1609  1607
3095    1615  1613     3
3096    1617  1616  1618
3097    1613  1615  1617
3098    1614  1613  1618
3099    1615  1104  1617
3100    1614  1618  1612
3101    1617  1137  1616
3102    1617  1618  1613
3103    1337  1592  1620
3104    1593  1619  1595
3105    1503  1619  1620
3106    1337  1620  1619
3107    1604  1621  1569
3108    1600  1601  1622
3109     976  1622  1353
3110    1622  1621  1600
3111    1598  1625  1559
3112    1623     4  1624
3113    1551  1625  1598
3114    1624  1625  1623