1625  2  0  1
   1    0  0    1
   2    0.5  0    1
   3    1  1    2
   4    0  2    3
   5    0  1    4
   6    0  0.5    4
   7    0.25  0.25    0
   8    0  0.25    4
   9    0.078969006362523866  0.29856996410174369    0
  10    0.125  0.25    0
  11    0.14215809811827956  0.234375    0
  12    0.092909645909734107  0.13727068245587448    0
  13    0.09375  0.21875    0
  14    0.125  0.21875    0
  15    0.25  0    1
  16    0  0.125    4
  17    0.10606932904406513  0.17508696246044492    0
  18    0  0.1875    4
  19    0.19031891300295495  0.21554671165909878    0
  20    0.045831903435758645  0.13585188671420048    0
  21    0.21614133426127988  0.2674425168290237    0
  22    0.069143358972476282  0.14410727408682616    0
  23    0.032625363629326061  0.25768700391609872    0
  24    0.125  0    1
  25    0.10104797389577724  0.24270202610422276    0
  26    0.12981175286042251  0.19229203598164024    0
  27    0.13521888785780026  0.38343816384248192    0
  28    0.097688784636035031  0.26751484184524754    0
  29    0.17556059628385501  0.32066478692773653    0
  30    0.1538997927330564  0.20424791991721791    0
  31    0.083310257687772213  0.16437731011794898    0
  32    0.17914509288858982  0.27649396771994778    0
  33    0.15231172068642218  0.26275818913909904    0
  34    0.11250513823537771  0.31236048896419538    0
  35    0.12635854372262703  0.28270421587572314    0
  36    0.12928433803887571  0.16540526118077176    0
  37    0.088137348156610465  0.19272544436082176    0
  38    0.044645957804679233  0.17631441422639038    0
  39    0  0.21875    4
  40    0.067626919635491251  0.21076638920626806    0
  41    0.065344132030033183  0.26496619174804537    0
  42    0.059435524448257393  0.23756935847695976    0
  43    0  0.375    4
  44    0.18108863225395536  0.25254423770280038    0
  45    0.14496191480338841  0.30945827661662134    0
  46    0.15664607895428234  0.28736875546646923    0
  47    0.17567059381411498  0.18034100528922753    0
  48    0.033853566962486731  0.21509793093601551    0
  49    0  0.3125    4
  50    0.13181386394989428  0.34535821415168161    0
  51    0.10165453703963147  0.29107499266763209    0
  52    0.020510883609626308  0.2360253947156272    0
  53    0.048874453794116555  0.19838446068528795    0
  54    0  0.28125    4
  55    0.074696347727364429  0.35663256939853105    0
  56    0.086346534317299661  0.32830136389907899    0
  57    0.10343125769537978  0.35188780258843272    0
  58    0.042031585235555599  0.3266394014665075    0
  59    0.063883229848989129  0.3356251023061127    0
  60    0.028650277090142361  0.296875    0
  61    0.045108684578925209  0.2787488733298058    0
  62    0.053613604494373267  0.30354227752155272    0
  63    0.26416170377491954  0.40162516595620712    0
  64    0.20469675078978739  0.30079835674746991    0
  65    0.32371263426240787  0.11962574095319606    0
  66    0.20436021256568768  0.33160358136522006    0
  67    0.37186970769165834  0.20921351283043679    0
  68    0.17787500874652384  0.36830593707718035    0
  69    0.32941461063417898  0.16043555120602646    0
  70    0.375  0    1
  71    0.19775953350370706  0.35474771261499438    0
  72    0.23115945439035482  0.35176001225681419    0
  73    0.26486281621174812  0.44138253273683725    0
  74    0.24357125838442575  0.37904351520959739    0
  75    0.26340689615885071  0.36095694479174467    0
  76    0.16896214373485263  0.41086915203964114    0
  77    0.28201236629321846  0.26914207891744418    0
  78    0.18288842104248937  0.39157055849366845    0
  79    0.30316234743002529  0.29986485676850394    0
  80    0.205004833981488  0.46036228442381227    0
  81    0.19013293761780348  0.56017863196257167    0
  82    0.28638620966557254  0.2033289932688454    0
  83    0.16786982211757651  0.46162481437544717    0
  84    0.17658816701291136  0.43642285823167837    0
  85    0.13309802410909652  0.43548689914758715    0
  86    0.017036664421882428  0.15525654975005176    0
  87    0  0.0625    4
  88    0.028093907968391528  0.047375105312261016    0
  89    0.16807021923770685  0.22964619003129963    0
  90    0.25837148406122951  0.16658126064948769    0
  91    0.21991847627248554  0.23319078948257929    0
  92    0.2034129324383083  0.2487047524890402    0
  93    0.22468768269442344  0.19153997335165007    0
  94    0.21291462466023914  0.21129036096867496    0
  95    0.24954931638857195  0.21548519850816644    0
  96    0.24985173612916886  0.19029203520572932    0
  97    0.33843634634384778  0.19868995898577652    0
  98    0.52951248810576179  0.49963524893712152    0
  99    0.2984157503205852  0.16645054178629223    0
 100    0.21673067823103326  0.37864374974404097    0
 101    0.2401195075212994  0.47250982698204574    0
 102    0.22970081299430689  0.3164759695402839    0
 103    0.35414688263048538  0.075651600894528492    0
 104    0.27555739934209911  0.23240593618807195    0
 105    0.15189366086337569  0.36275493329013653    0
 106    0.15621183319908519  0.33748407270578978    0
 107    0.23725970097001189  0.43271543396440904    0
 108    0.24268850414694731  0.28649285159054311    0
 109    0.14183010868974344  0.40977513332910503    0
 110    0.093853356147413219  0.40782019331661296    0
 111    0.093134158764282243  0.37891077882540131    0
 112    0.11812987814872075  0.40172619498990003    0
 113    0.051735291878835098  0.39440433724440888    0
 114    0.16784484097995248  0.58771678536765548    0
 115    0.048958991233160026  0.11278072868151968    0
 116    0.024715918414808895  0.12282395653085504    0
 117    0.24341610257676033  0.041827663281044966    0
 118    0  0.09375    4
 119    0.019580736940824319  0.078125    0
 120    0.0625  0    1
 121    0.21112570830614674  0.13802812863000805    0
 122    0.27811801395309205  0.082087922215999282    0
 123    0.25233172647942065  0.3386566132149168    0
 124    0.2680048138097717  0.29063257201454096    0
 125    0.34787542103717917  0.11294657398718611    0
 126    0.123648265162158  0.48425587604646897    0
 127    0  0.03125    4
 128    0.16672450141176692  0.072190604778042247    0
 129    0.12928675332124218  0.1288988055902745    0
 130    0.11433543704544917  0.14715104428008471    0
 131    0.19265374904044794  0.084687537725107245    0
 132    0.16075864014118246  0.14715411565861264    0
 133    0.19729750200306068  0.041904349994550935    0
 134    0.15325083048951613  0.17047127858569036    0
 135    0.18815228680554508  0.15478891408888654    0
 136    0.18397957796801859  0.12494470347760876    0
 137    0.21380390083680589  0.16582385809215217    0
 138    0.22132621041073872  0.08215985605169944    0
 139    0.20853939349457551  0.10869056911595337    0
 140    0.1875  0    1
 141    0.24976022088702177  0.11221073314249744    0
 142    0.24972419378275706  0.083767314163307141    0
 143    0.03125  0.015625    0
 144    0.29257777755303788  0.4128690150683797    0
 145    0.37196843726853773  0.11987319689870607    0
 146    0.30476536146213135  0.096180454606524746    0
 147    0.15888111351205411  0.53573430530533606    0
 148    0.30516742366836974  0.063180410493423975    0
 149    0.14024838341542079  0.46217240252582303    0
 150    0.29183505233088353  0.12341072644166957    0
 151    0.25916061813771218  0.31471229425229125    0
 152    0.75  0.5    2
 153    0.3324712207946014  0.093168754315405597    0
 154    0.30258068416474515  0.14379073691882566    0
 155    0.3158526170484387  0.23085774723592198    0
 156    0.23369470326974578  0.40400408840944252    0
 157    0.20892340175732016  0.42687550938369712    0
 158    0.28149874232151034  0.031661731108584321    0
 159    0.1880645183044076  0.50885437784285992    0
 160    0.20613877357699092  0.40167699966525161    0
 161    0.34908589815198254  0.14074983918370967    0
 162    0.28647892553043314  0.54698212298777782    0
 163    0.3125  0    1
 164    0.18712847422900583  0.48132235153316599    0
 165    0.21648275694175551  0.49410627884873459    0
 166    0.15600637013451679  0.49616237755123688    0
 167    0.22705499014913716  0.45344874689797543    0
 168    0.25566287636784946  0.061429862680585118    0
 169    0.21879715111720904  0.53331962843393732    0
 170    0.28066720246145194  0.056932404910665931    0
 171    0.098045851299153997  0.076370260007347646    0
 172    0.058704957246215925  0.072403228425414343    0
 173    0.26553535842284365  0.13757944409190484    0
 174    0.23840028645497119  0.14626238237899991    0
 175    0.27382115313212596  0.10645233477503897    0
 176    0.27843872886894017  0.18033536080003085    0
 177    0.32355600527314649  0.26794479732970078    0
 178    0.29632207801264415  0.24769251867046316    0
 179    0.31273650962044147  0.20465858691588509    0
 180    0.31734943281633349  0.18114181212449759    0
 181    0.46284220157378447  0.46449977344331206    0
 182    0.33999736013201864  0.22379734969088841    0
 183    0.25873690102123709  0.022807236783156482    0
 184    0.31366739771464469  0.032151191957700262    0
 185    0.34375  0.014962114092465707    0
 186    0.33351445314993144  0.054266812954322834    0
 187    0.37532227988794226  0.040788682788048675    0
 188    0.36559391390535351  0.020469934041908208    0
 189    0.29448871772721491  0.49033033720763136    0
 190    0.19286073868383435  0.53436489206840265    0
 191    0.24300367133838  0.58787796173846318    0
 192    0.17459132611163303  0.049557553392767281    0
 193    0.10524324875517255  0.10764407166799467    0
 194    0.077394886661347084  0.11343131058739542    0
 195    0.13302448583683751  0.084785344825978659    0
 196    0.12462169492873962  0.042808214630001583    0
 197    0.1593366431213151  0.10380605077721813    0
 198    0.11910427438485241  0.065742248089540017    0
 199    0.15214996190400801  0.12573915999716104    0
 200    0.062677843908742203  0.036310395273441425    0
 201    0.09375  0.01800257445874311    0
 202    0.080178866878061555  0.05650187745361647    0
 203    0.11647762203372895  0.021330464873529801    0
 204    0.041232215803201848  0.089550759639075689    0
 205    0.21875  0.014791086354229358    0
 206    0.33136390328241155  0.24697944675537095    0
 207    0.39152892811434786  0.24299238906546883    0
 208    0.30303683406222826  0.27730990459313615    0
 209    0.4570192188561969  0.12145930254388948    0
 210    0.4375  0    1
 211    0.625  0.25    2
 212    0.27060611588387268  0.47134588629179691    0
 213    0.30603440655420827  0.45129127749294051    0
 214    0.25717335517102224  0.51275889860061308    0
 215    0.24012236121314678  0.49624607823116862    0
 216    0.22139447794785333  0.56481640131103905    0
 217    0.25058363001506156  0.54655388996612109    0
 218    0.13715912942771658  0.60542261071506831    0
 219    0.2682404010033273  0.57114984316132145    0
 220    0.34246409048674764  0.60819799404398245    0
 221    0.30879045026396973  0.58278568751651816    0
 222    0.20284048659697379  0.58220190254496829    0
 223    0.19811510766503107  0.66600910220844989    0
 224    0.07691401099833256  0.088879323059919135    0
 225    0.15625  0    1
 226    0.099993909562867231  0.041845159885639485    0
 227    0.36455853249150799  0.27127834295210668    0
 228    0.40625  0    1
 229    0.38001824693613795  0.067503291670300586    0
 230    0.40595401927728736  0.050927490866077771    0
 231    0.37964099988516914  0.094248927958767575    0
 232    0.34070309253095027  0.51057781411352532    0
 233    0.36482009067015864  0.23592661845027812    0
 234    0.28792005245233349  0.43606787893976678    0
 235    0.36921153867493178  0.40759716165186455    0
 236    0.28571039546200883  0.51798133254352596    0
 237    0.36250621795033638  0.52714267494433709    0
 238    0.32304173783207646  0.53150261859524539    0
 239    0.28123663872342197  0.65431350491741469    0
 240    0.277367998059801  0.61232075750444215    0
 241    0.16379557540035486  0.56165094920422054    0
 242    0  0.75    4
 243    0.16045299996618317  0.61034948750374074    0
 244    0.13519896191542807  0.56658207695103846    0
 245    0.17235227299269018  0.63097194664406264    0
 246    0.171875  0.025750757759541436    0
 247    0.14475164978357469  0.024592782982950739    0
 248    0.33113547482337469  0.29526206619979645    0
 249    0.39040349253203521  0.16305845895537313    0
 250    0.45919541618383236  0.44140102751169968    0
 251    0.38816955294114575  0.18896010207492875    0
 252    0.49307962563370616  0.46762766589473836    0
 253    0.421875  0.025555415001028609    0
 254    0.39561574651791298  0.024056355221398849    0
 255    0.48130119898828683  0.4337730871674238    0
 256    0.34425128915840547  0.54269468223651396    0
 257    0.33161905279717185  0.42076317801235308    0
 258    0.34754501760853973  0.56644881259127899    0
 259    0.3422954558187733  0.48324220964687342    0
 260    0.31186244556262865  0.55601766605967529    0
 261    0.28505738848425061  0.58901876675082776    0
 262    0.31026962014650289  0.61584213790557607    0
 263    0.33971977053066488  0.66825789202801356    0
 264    0.29188411814349419  0.63215801528876725    0
 265    0.31972331664054782  0.64501177518541919    0
 266    0.35061397524723015  0.63866303430780791    0
 267    0.42860755163351244  0.60147587487069587    0
 268    0.38615965841686062  0.61283136414775286    0
 269    0.36342120321170157  0.61891426402080785    0
 270    0.3676051059854365  0.58901339009820952    0
 271    0.4043619959788331  0.67525086321849803    0
 272    0.37291492479998589  0.66367483759953183    0
 273    0.3983254689182254  0.64314742430830985    0
 274    0.36548429394992932  0.73236273885745062    0
 275    0.37471098361022781  0.63990679698728148    0
 276    0.41094926892241335  0.62048240849075753    0
 277    0.46718949852580738  0.65502706839144642    0
 278    0.43301090562505268  0.64761820794167568    0
 279    0.36061440607307033  0.69709004422349574    0
 280    0.45643441055866435  0.6221016352114207    0
 281    0.39457101628688535  0.71037438549029963    0
 282    0.29481869901067659  0.72414658536426013    0
 283    0.49808386842325714  0.53682712445939984    0
 284    0.38359543337659846  0.68838842823182689    0
 285    0.44914106292508926  0.70665982831633456    0
 286    0.32401798783900271  0.70162419841827239    0
 287    0.46934535158975266  0.57559915712309029    0
 288    0.42119942412688327  0.69887085954731654    0
 289    0.44241583807897983  0.67677297037355799    0
 290    0.42415444708975802  0.7422826939461149    0
 291    0.34453705361975717  0.7172822724763227    0
 292    0.32583938281151686  0.76534234287327052    0
 293    0.34139953293392056  0.74372880679620068    0
 294    0.37542816152499481  0.78463475448459785    0
 295    0.31506535288082527  0.74117798919806632    0
 296    0.35312713597739898  0.76857966270476197    0
 297    0.26790785321495192  0.77668790513184494    0
 298    0.47700022762048944  0.79001299031457606    0
 299    0.28740399721537235  0.75351120852885711    0
 300    0.33656135929586029  0.7915900455824697    0
 301    0.22880140273000682  0.72400332893566577    0
 302    0.29849863571459168  0.80135042743625418    0
 303    0.26179409888901239  0.73142615728815419    0
 304    0.29076198459065117  0.68869823928658158    0
 305    0.31235736488362503  0.67157160782604319    0
 306    0.45395072471519665  0.59636853013853208    0
 307    0.52802726599245609  0.61693512993136512    0
 308    0.39432018685293857  0.74027506668164345    0
 309    0.40717326036046364  0.77195170647161337    0
 310    0.3769085512391287  0.75906248926605346    0
 311    0.23857256122027673  0.75760660187419493    0
 312    0.25284373684509526  0.69417464051628486    0
 313    0.49287309691879189  0.62841823415452969    0
 314    0.48245744457860007  0.60140814397791409    0
 315    0.50638485092616703  0.57301672459972153    0
 316    0.59086552226957878  0.81111350789437509    0
 317    0.20183786929424605  0.84617238988024468    0
 318    0.27427328635069892  0.70854150712594199    0
 319    0.26958123526823141  0.67605404904583966    0
 320    0.23524061698632534  0.66112483437685243    0
 321    0.53354349410529478  0.69337413471605303    0
 322    0.48676094274347104  0.55847113653268954    0
 323    0.4319126770709325  0.52012000222110033    0
 324    0.46392132748157178  0.53273897483508803    0
 325    0.5997240348088565  0.53256024923154488    0
 326    0.5086411436553766  0.59919660512928641    0
 327    0.64584569784112211  0.83693368607310603    0
 328    0.45424922323479888  0.77920170214837803    0
 329    0.14316450729957397  0.76712708731860402    0
 330    0.22842444577998386  0.80529861025331062    0
 331    0.50513349711290467  0.66595200315622272    0
 332    0.43542397986832809  0.55811865998918964    0
 333    0.47987873567710537  0.48967599299100439    0
 334    0.54929993331394489  0.54412626771782957    0
 335    0.47233148926969531  0.87715754088715281    0
 336    0.43210490612738284  0.76652730715560369    0
 337    0.5  1.5    3
 338    0.18756616051900932  0.90389949804672354    0
 339    0.18998499823187717  0.75351262665792162    0
 340    0.2426663228831408  0.78340337502057633    0
 341    0.2639987197526219  0.81285862235337591    0
 342    0.2107757763813887  0.77823946386960907    0
 343    0.48905666024797034  0.65043418611124926    0
 344    0.51658038155268038  0.64144356654379386    0
 345    0.57159197602182843  0.65220982041087339    0
 346    0.54542455341895202  0.6399880917319416    0
 347    0.58305311161803863  0.59350004475149609    0
 348    0.54800905860300697  0.6685783590008697    0
 349    0.57002955233589303  0.62143121798916268    0
 350    0.59675201370974562  0.7136318349846491    0
 351    0.66559109921924442  0.58632746301812633    0
 352    0.5673911606766644  0.69650305796486767    0
 353    0.59987068730753834  0.63534534136102427    0
 354    0.40685262024880459  0.20703850350774511    0
 355    0.52228878891508335  0.55032194371781673    0
 356    0.5437767191323547  0.58202460610934614    0
 357    0.39820248343402143  0.79556805665961072    0
 358    0.32987733109041034  0.84462133881857737    0
 359    0.49961216284727022  0.74156862879405627    0
 360    0.48085979376985571  0.76512130693419877    0
 361    0.46697081816028352  0.7348215172760556    0
 362    0.72334600813438688  0.80762323028815008    0
 363    0.21506576326099033  0.74621964270945362    0
 364    0.23932714576789599  0.84147391470856359    0
 365    0.19129439916479365  0.8102307484773219    0
 366    0.59838915024897699  0.67709711501529324    0
 367    0.61481612403596497  0.60503665755760061    0
 368    0.483353463065121  0.51513809213795603    0
 369    0.45579377833224893  0.49863741325158062    0
 370    0.54644078654763439  0.73849639596152228    0
 371    0.48826644987770096  0.7016137664609865    0
 372    0.44400862104819055  0.72963432504324821    0
 373    0.32273923487997613  0.81678478620983785    0
 374    0.57545396197778054  0.67492191861614947    0
 375    0.875  0.75    2
 376    0.71111935953731287  0.53546720711715545    0
 377    0.64820004283925581  0.60585139075640382    0
 378    0.61022505214352796  0.56818312610393018    0
 379    0.40274248147071656  0.46367798260210458    0
 380    0.46393262249410649  0.16600693513338124    0
 381    0.54875798287860056  0.71342972524000203    0
 382    0.51970359182525516  0.71967207529188315    0
 383    0.46912255710161527  0.68221371669614195    0
 384    0.54208625869190175  0.94834720599113498    0
 385    0.29193028816139605  0.83912645924256912    0
 386    0.57793940679382727  0.56077174729369539    0
 387    0.67760939899497719  0.5289601694560967    0
 388    0.42470108145243812  0.48808824108930393    0
 389    0.44782115761875152  0.4209687650479334    0
 390    0.63910812067995004  0.54030969050801725    0
 391    0.39597027470107798  0.51138434938937993    0
 392    0.43304043929792163  0.45850473464275537    0
 393    0.37364183695517122  0.14468628807848205    0
 394    0.46977627021630175  0.41373478892239829    0
 395    0.61739418746043417  0.54671058816597118    0
 396    0.62345969783407873  0.62813806263008887    0
 397    0.40767848194327039  0.54152094806142936    0
 398    0.37940905202182018  0.55832051085636014    0
 399    0.36901114101441984  0.49754544121197397    0
 400    0.36958035824354124  0.46438075668030054    0
 401    0.39173840692551098  0.48644974899969801    0
 402    0.68845972016904344  0.69233662654990857    0
 403    0.64313142538957779  0.57294106515288978    0
 404    0.10997624365323183  0.55458566661345443    0
 405    0.6577929365603743  0.66613111232094413    0
 406    0.34044945311489849  0.45140594767464087    0
 407    0.38556495987623091  0.43588393855559338    0
 408    0.66400924147533524  0.55380320722991783    0
 409    0.78125  0.5625    2
 410    0.64558183497169419  0.63904665249272297    0
 411    0.64847225327390379  0.69764540081667747    0
 412    0.35606521414868963  0.43031219278591454    0
 413    0.47508726273648888  0.39123699484816876    0
 414    0.41170181663348021  0.4389357306874847    0
 415    0.53085371652455349  0.525684492535475    0
 416    0.43383818663684159  0.13244189901509323    0
 417    0.40831486907923265  0.12988495927048854    0
 418    0.52350667243271443  0.43806550048299997    0
 419    0.6875  0.375    2
 420    0.31486564246477061  0.50668583395162881    0
 421    0.33290313932354426  0.58585064614864557    0
 422    0  0.625    4
 423    0.11597128736592638  0.52730639190893369    0
 424    0.1332176573938586  0.50817209268437413    0
 425    0.35951776497989579  0.17084535497021131    0
 426    0.35130936021739972  0.35085686307038955    0
 427    0.32246413495842008  0.32986635060096353    0
 428    0.31291140479656832  0.37330859488491175    0
 429    0.28714466737083527  0.38507061320349778    0
 430    0.28890778319402793  0.33024544022438967    0
 431    0.32719623632861183  0.35367833650372427    0
 432    0.5014035722091702  0.44575544241718568    0
 433    0.46875  0    1
 434    0.31674630874188231  0.47568612340656202    0
 435    0.30170458412862294  0.77540080280603307    0
 436    0.21943009533437893  0.69184635537799899    0
 437    0.19287446021310681  0.71702929722733899    0
 438    0.15853344668942695  0.73266559233446615    0
 439    0.21209583233556553  0.62873878053277943    0
 440    0.25495717737097767  0.63555996142129267    0
 441    0.25255912850192297  0.61082180831664412    0
 442    0.45838620902911059  0.55521275343683874    0
 443    0.5504356738999594  0.60603655947371204    0
 444    0.21859824843697867  0.82799068855762847    0
 445    0.3922896013155453  0.91497119925369763    0
 446    0.61580732027078644  0.83050612458601658    0
 447    0.69891332328638345  0.82178550399964656    0
 448    0.54372414529736801  0.24783124543532098    0
 449    0.45343073605597078  0.85095293444606945    0
 450    0.51650847697368607  0.83276169776538522    0
 451    0.30039133010863989  0.91447194344882199    0
 452    0.024694988041769981  0.73363749287758995    0
 453    0.75193686246828462  0.68048153245005505    0
 454    0.80626170007464903  0.70751693908601876    0
 455    0.70349549445871795  0.86662780994139665    0
 456    0.26557799486721745  0.83916357682377296    0
 457    0.40862420622610729  0.84040427996960065    0
 458    0.42201001671971694  0.81108001489966863    0
 459    0.70293279552896648  0.65099420621048687    0
 460    0.38039762332503801  0.82333593802484328    0
 461    0.35796961607095762  0.7991480739268082    0
 462    0.064987991239116832  0.85058890023790668    0
 463    0.50951261763136446  0.68984291812787513    0
 464    0.52316418394902164  0.88396071072880278    0
 465    0.47357635251675856  0.94570699931615598    0
 466    0.40748037151796029  0.57593992201559929    0
 467    0.064923708958404769  0.58959839112094314    0
 468    0.13533420812362937  0.54217150534416181    0
 469    0.06225576629802218  0.49551782242982589    0
 470    0.34172418579743469  0.38936473449587328    0
 471    0.31556379863546929  0.39967773868497875    0
 472    0.29054968472543252  0.35755168371440788    0
 473    0.36913167133627789  0.31293193257080454    0
 474    0.34742423622373408  0.325880958313778    0
 475    0.45355020655837641  0.027887714319356834    0
 476    0.41976900217463498  0.088970431593238572    0
 477    0.41194386233331448  0.39413312969551617    0
 478    0.39410925567509264  0.41207364243547567    0
 479    0.5625  0.125    2
 480    0.41503908608023371  0.17988504665156282    0
 481    0.41965118925811434  0.15381259824043619    0
 482    0.46860419082860388  0.21084512386224419    0
 483    0.49604546749793998  0.26629531017709956    0
 484    0.43817657533405086  0.20167153554539208    0
 485    0.44039220685808994  0.17613913301213435    0
 486    0.43998908978529905  0.25070870020847641    0
 487    0.4263364912240396  0.22666124886564684    0
 488    0.50518626053681415  0.40856187785955389    0
 489    0.52707323731786138  0.33572867690054142    0
 490    0.50758922995058076  0.36957878108328912    0
 491    0.56379412644053828  0.39260893439454359    0
 492    0.53686982896660274  0.40932770232435894    0
 493    0.53660569940149061  0.37886319663237994    0
 494    0.57835239953529616  0.44609306534497106    0
 495    0.55212697507659669  0.43389816960958261    0
 496    0.55114012642729826  0.47031707136644724    0
 497    0.59183494628108091  0.48863540458648153    0
 498    0.56379040750908571  0.51118608624198336    0
 499    0.52199495468155743  0.47145335974249442    0
 500    0.50543635955939858  0.4909639710493709    0
 501    0.57558282043753461  0.4703784207231172    0
 502    0.55090716694262176  0.49278152273456438    0
 503    0.58758905015765572  0.51206886476513103    0
 504    0.57387824385094166  0.53511907749371457    0
 505    0.50895821102974925  0.51504950121674165    0
 506    0.16543537201908232  0.75640149641223853    0
 507    0.18090380453871788  0.78209645151407214    0
 508    0.076581514086580593  0.71677496373430949    0
 509    0.14389061616845639  0.67889010359538937    0
 510    0.2150376525496584  0.65109967013701642    0
 511    0.19103748697010745  0.608738105970974    0
 512    0.22039817655355828  0.60289879433323412    0
 513    0.52976462651631373  0.90642015927569919    0
 514    0.35219494477349711  0.82699462153954839    0
 515    0.025697785767771705  0.984375    0
 516    0.56767332274376414  0.85118197103590343    0
 517    0.84260279725048692  0.79633227410992313    0
 518    0.78256706843891488  0.68703107814933673    0
 519    0.53330929733906418  0.86286404403906269    0
 520    0.47104933381237934  0.82747131058813062    0
 521    0.5451384442773537  0.81660646972570827    0
 522    0.1545064316679515  0.84053977078288389    0
 523    0.15752087731974357  0.80671814652063756    0
 524    0.12386819143676074  0.82076390549565181    0
 525    0.15829480749911792  0.78403904900292753    0
 526    0.1306492051644417  0.84387970710140514    0
 527    0.14800970002569236  0.88100976910420614    0
 528    0.095636201137296539  0.89544461902794148    0
 529    0.097195960428753336  0.84114070177433742    0
 530    0  0.875    4
 531    0.62644318575169766  0.85661767645079767    0
 532    0.72649793453241129  0.65668985171051231    0
 533    0.4330042461398434  0.83728204552800778    0
 534    0.56574904543265125  0.88742633926733971    0
 535    0.68261181248685421  0.418913336279224    0
 536    0.10319782306323375  0.58766680914306135    0
 537    0.095058005398339002  0.50136727756862887    0
 538    0.086457854171269083  0.45469672717028081    0
 539    0.11383761336789121  0.45494842903539345    0
 540    0.10034957378873653  0.43286671727411352    0
 541    0.082009102730526959  0.47964418039358475    0
 542    0.35511120758251685  0.29339339955253912    0
 543    0.40159027158122673  0.10594181827928266    0
 544    0.44337033444374929  0.38951870573363695    0
 545    0.41977126825018551  0.33811957799423537    0
 546    0.42405170181973229  0.36727141304563543    0
 547    0.38604755420943049  0.36630080047385444    0
 548    0.46501294210196709  0.34636680563126437    0
 549    0.44883927361433534  0.36525830544796956    0
 550    0.36620615833657266  0.382291807062138    0
 551    0.42311736950558143  0.41659544880120142    0
 552    0.43980068849437731  0.060166219069729167    0
 553    0.53125  0.0625    2
 554    0.45178137522746881  0.089865656809615141    0
 555    0.43525636991138583  0.10797049372785307    0
 556    0.49911449091631177  0.098249408153794959    0
 557    0.47396700919212731  0.102418555900637    0
 558    0.48064019390405027  0.064742984308005652    0
 559    0.49244130620438881  0.13592497974642626    0
 560    0.46157434883475368  0.050373379400382598    0
 561    0.515625  0.03125    2
 562    0.48459215761150176  0.029484774703729864    0
 563    0.50559821746224498  0.055794641268877516    0
 564    0.4094813390716926  0.28742411425001185    0
 565    0.64456847849333876  0.48785379643080196    0
 566    0.61915992297230327  0.50721147153841817    0
 567    0.11571409300018479  0.73422708627770616    0
 568    0.16827378541127958  0.66096114937888162    0
 569    0.17874327519847344  0.68979853299827909    0
 570    0.13597029746208328  0.64257367183798175    0
 571    0.15492496406355236  0.70476683263844353    0
 572    0.1229939115194793  0.70309186718130168    0
 573    0.13673271605945009  0.72272284568053813    0
 574    0.10110216083669657  0.71439195920242438    0
 575    0.083587262166450238  0.66151491778277238    0
 576    0.10000729510910987  0.68541529770720244    0
 577    0.11240498498040356  0.65930720656984099    0
 578    0.095290569393692293  0.62509488950252701    0
 579    0.19845779893702356  0.87423600770752841    0
 580    0.60396514850010175  0.95078346659881974    0
 581    0.44835985728540872  0.87452907038221595    0
 582    0.17937547315950009  0.83324444464085257    0
 583    0.17381245380429278  0.86031637276380213    0
 584    0.22592705521690853  0.92874089526584058    0
 585    0.062643740754780436  0.78297660180882023    0
 586    0.087596872869580567  0.86803934826120588    0
 587    0.11790970465677203  0.87402889050411803    0
 588    0.049429824471105561  0.89411744358693102    0
 589    0.064278145092116323  0.87487989032277491    0
 590    0  0.8125    4
 591    0.091047687882730488  0.80544819140791346    0
 592    0  0.9375    4
 593    0.032114489661636325  0.86178411751988981    0
 594    0.058853203710436175  0.81695481622065824    0
 595    0.097689174410012042  0.76786639488094655    0
 596    0  0.90625    4
 597    0.028488788257581398  0.92010865348878612    0
 598    0  0.84375    4
 599    0.030796887314759699  0.79662437415847398    0
 600    0.11786276687836075  0.79080923181291474    0
 601    0.6006072095271533  0.86643700866302575    0
 602    0.023743658566444462  0.88706998320572672    0
 603    0.029076351546465824  0.82958311490672987    0
 604    0  0.78125    4
 605    0.03430307859777762  0.76082507229229712    0
 606    0.024886655459833582  0.9462374294340804    0
 607    0.063324294009224624  0.93822378698494102    0
 608    0  0.96875    4
 609    0.037542212520525212  0.68403651965309842    0
 610    0.066243046503077302  0.7491663674697886    0
 611    0.051937175045907086  0.91756927658808052    0
 612    0.012060400524169332  0.65625    0
 613    0.052760169436363635  0.72701741192249525    0
 614    0.090149433191173509  0.73895106241991904    0
 615    0.37078226657448599  0.87111110016942006    0
 616    0.42880129886666546  0.88863618878981443    0
 617    0.53841608839351562  0.78442765134786741    0
 618    0.51122154194250924  0.77005343015532701    0
 619    0.52357608579007553  0.74840997998553238    0
 620    0.4493265012051928  0.81890492160489869    0
 621    0.48534803608984101  0.84593239370566176    0
 622    0.59229086029542599  0.77955189701669569    0
 623    0.81104748927361192  0.75605435227581974    0
 624    0.35935117366163455  0.90391971760188705    0
 625    0.76789415598872746  0.76819445313198154    0
 626    0.84342362737229826  0.75725116307586904    0
 627    0.56620221229600398  0.79136792583586535    0
 628    0.5582228939398316  0.76422148983100657    0
 629    0.51362999770394513  0.79840863133422413    0
 630    0.57823441545030863  0.73949554895233183    0
 631    0.8125  0.625    2
 632    0.61974356414635212  0.696358055881931    0
 633    0.78617339167525624  0.71899900294632191    0
 634    0.59032370193997874  0.8375461144995352    0
 635    0.79738853804247567  0.80482243572268064    0
 636    0.048596443218752387  0.96377165205179238    0
 637    0.30072313758103614  0.88989057396529969    0
 638    0.22244747659799843  0.85870379727178958    0
 639    0.59324195774993782  1.0306737354268487    0
 640    0.50609012748175253  0.99220839506627656    0
 641    0.62772203766006862  0.89019174021533221    0
 642    0.55950082087480524  1.030670545010506    0
 643    0.671875  0.34375    2
 644    0.12540603268459416  0.58654602611597029    0
 645    0.082196418279036218  0.5516907262511983    0
 646    0.074301290866706227  0.52286760577214841    0
 647    0.49544169998587562  0.3375393776468526    0
 648    0.033067574271705334  0.52470049381270156    0
 649    0  0.5625    4
 650    0.37702994077576413  0.33979376106566805    0
 651    0.48184041733450456  0.36615472145773514    0
 652    0.46854602568020115  0.30168685451758387    0
 653    0.50927672843945104  0.30203203238211307    0
 654    0.47522052228884626  0.32469430829235002    0
 655    0.4449753639514139  0.32099660618371473    0
 656    0.42020053685716335  0.31164041422314848    0
 657    0.39486014781890305  0.31995899722583826    0
 658    0.44056108547206163  0.28814739749345081    0
 659    0.46597506276133593  0.27130981331232229    0
 660    0.47645330918343443  0.24147592419478178    0
 661    0.52059136060183731  0.15749158240427533    0
 662    0.51423439662311488  0.23179455042495425    0
 663    0.46913672174010718  0.14238903812975839    0
 664    0.52622589385473695  0.12248021356781279    0
 665    0.546875  0.09375    2
 666    0.54301524165183013  0.14314127649929947    0
 667    0.52323449492080432  0.098544606872383964    0
 668    0.59375  0.1875    2
 669    0.3830765218187826  0.29032309358345509    0
 670    0.65263121343789643  0.51520522391929324    0
 671    0.68647825929423323  0.46977630808394305    0
 672    0.734375  0.46875    2
 673    0.62383805455413677  0.44734740551461288    0
 674    0.60185406821904597  0.46335430880731293    0
 675    0.64120038762247067  0.46401960342022747    0
 676    0.67796523419606747  0.49875705038221974    0
 677    0.63473330436004127  0.37915395269621677    0
 678    0.71875  0.4375    2
 679    0.61975228390591397  0.48163473770048704    0
 680    0.61733156815787804  0.39418348440135409    0
 681    0.63032561432120859  0.41957331313898732    0
 682    0.60162486877015287  0.42751404129693465    0
 683    0.65425202258890813  0.3913082476090245    0
 684    0.59031514985019562  0.40181835393618892    0
 685    0.57399700930564201  0.42116278023562193    0
 686    0.59169012557148259  0.35506678541009518    0
 687    0.59835727504287795  0.37865887145914051    0
 688    0.65625  0.3125    2
 689    0.56209389871454185  0.36221031734729797    0
 690    0.53958103637330168  0.35558509811527123    0
 691    0.6152294732730379  0.31857449320062114    0
 692    0.63251593064431166  0.35626748289569493    0
 693    0.70933542389190707  0.49223125832074777    0
 694    0.66324485587368831  0.36759632206315584    0
 695    0.64781873934716672  0.33624688032641664    0
 696    0.703125  0.40625    2
 697    0.65850609269631533  0.4191687204021029    0
 698    0.67653009061754754  0.44224065088623765    0
 699    0.71025553795389884  0.46127848102305058    0
 700    0.084802491403057317  0.60332981858922774    0
 701    0.053583505041434547  0.63178303209427344    0
 702    0.11346513333783159  0.60938523950424073    0
 703    0.859375  0.71875    2
 704    0.26160956160124216  0.91351947962787905    0
 705    0.62747482311891911  0.91779912381591688    0
 706    0.84716615839754039  0.83764476336727545    0
 707    0.41465453876114428  0.96821900008583672    0
 708    0.828125  0.65625    2
 709    0.75  1.25    3
 710    0.50827516159503172  0.93550962087223066    0
 711    0.4368968689531344  0.95855027092413869    0
 712    0.57834268976464032  0.90651278471302166    0
 713    0.56426142573222515  0.94276560729135506    0
 714    0.50631220974399671  0.91157725203397288    0
 715    0.74345633554806434  0.8330842179044291    0
 716    0.83099804596856641  0.72174041618913221    0
 717    0.17223048089579504  0.88477732211987081    0
 718    0.023933081329661831  0.70697587393335792    0
 719    0.9375  0.875    2
 720    0.50321807090740778  0.87170733382094712    0
 721    0.12027767064273404  0.7583211754811926    0
 722    0.63231432691270018  0.73702771710521375    0
 723    0.67814676660423889  0.64065959936267869    0
 724    0.62808709082810155  0.66563948692900032    0
 725    0.69745771125187095  0.5957127724364395    0
 726    0.60532309295714326  0.73932931894745446    0
 727    0.7271416716892527  0.7037772217920093    0
 728    0.68225224031736675  0.56617705424684128    0
 729    0.48878097428638817  0.81227744989400896    0
 730    0.70787034016778916  0.62725864624546246    0
 731    0.765625  0.53125    2
 732    0.71497418669580171  0.56801313260904307    0
 733    0.68415451281853834  0.66632822891690247    0
 734    0.6978311099246739  0.51436070915398246    0
 735    0.44681729945571796  0.92060128639385497    0
 736    0.083378747257736918  0.57511846307956793    0
 737    0.03080306924528145  0.49324736784913875    0
 738    0  0.4375    4
 739    0.049005803749046839  0.46007712230809517    0
 740    0  0.46875    4
 741    0.022505091355834665  0.453125    0
 742    0.029014351538224015  0.41972971193402869    0
 743    0  0.40625    4
 744    0.063467719542157977  0.42778507359738432    0
 745    0.023646171713164479  0.390625    0
 746    0.02860491926204806  0.35741562868048865    0
 747    0  0.34375    4
 748    0.018137794790174723  0.328125    0
 749    0.046563268118830971  0.55834341054464842    0
 750    0.054216119190363718  0.53574518160687212    0
 751    0  0.59375    4
 752    0  0.53125    4
 753    0.022224419775154994  0.54857849758826982    0
 754    0.48901853639655363  0.28921473027254097    0
 755    0.5059046140654142  0.18976918127649187    0
 756    0.56559283052953191  0.26538233523524996    0
 757    0.578125  0.15625    2
 758    0.54987017144802741  0.19029397375835025    0
 759    0.52800302650188236  0.18034412536440114    0
 760    0.52858570892451751  0.20806757839244561    0
 761    0.56235064481937236  0.22687095768669008    0
 762    0.57119557315261871  0.17924596342369067    0
 763    0.61248607026234558  0.34264303397800677    0
 764    0.56866548560175645  0.3143765723128979    0
 765    0.5722078082189771  0.33923151810739299    0
 766    0.640625  0.28125    2
 767    0.60141554404321285  0.28132347797839358    0
 768    0.63404202370584029  0.30407273814707986    0
 769    0.67721827119441735  0.39608422634799872    0
 770    0.07613540252224002  0.63902991786669028    0
 771    0  0.71875    4
 772    0  0.6875    4
 773    0.075235210245357328  0.68484357576357258    0
 774    0.24793609282129075  0.8929167736516832    0
 775    0.34604925567700773  0.9981769337399905    0
 776    0.74233498299966283  0.9353453294261429    0
 777    0.34487998271051673  0.92472757441278508    0
 778    0.30737770936097741  0.86622476537337134    0
 779    0.71301633815643239  0.68042224559758047    0
 780    0.80490954677958793  0.73329828446805745    0
 781    0.77249183817475287  0.79746567688346726    0
 782    0.90625  0.8125    2
 783    0.79927275375817641  0.82767123276942156    0
 784    0.67560900693316528  0.84453389038745597    0
 785    0.27880992238240193  0.87874764699154062    0
 786    0.6520504498620483  0.86701887721571258    0
 787    0.054615032276990966  0.99263996658743014    0
 788    0.64146816910901683  0.77867304255412806    0
 789    0.67322070082735808  0.73080511376568835    0
 790    0.72640734520948314  0.51318164020429602    0
 791    0.74765536782066322  0.55976606608966839    0
 792    0.76031050154040647  0.61203224922979671    0
 793    0.74008995364728181  0.53507877013826222    0
 794    0.76260714999079537  0.58381098914575114    0
 795    0.796875  0.59375    2
 796    0.73227860544477819  0.59554693047500051    0
 797    0.78640525077020318  0.61851612461489835    0
 798    0.84375  0.6875    2
 799    0.76496475549141685  0.64905280942376498    0
 800    0.73504217395420179  0.62292331354560704    0
 801    0.53120879587007286  1.034625224562074    0
 802    0.67970097560336684  0.88730800568991242    0
 803    0.65616266492651354  1.098403305560494    0
 804    0.4033914405354706  1.0056875337081967    0
 805    0.41986899702770841  0.91473015654660617    0
 806    0.40628688163539733  0.93860165124554851    0
 807    0.44062875773765942  1.0321560257735813    0
 808    0.56979871563513362  1.0064069118408938    0
 809    0.32548339178034913  1.0427182705694198    0
 810    0.37157831426456672  1.0259211408877589    0
 811    0.53633655689853044  1.0065221244473352    0
 812    0.40582179875103297  1.0416963630050684    0
 813    0.62173773527614284  1.0126056699249137    0
 814    0.58714582815001592  0.93175766475101018    0
 815    0.29050508758831783  0.95794163472820504    0
 816    0.3123293140137236  0.94590471479081439    0
 817    0.62337968122668164  0.97866792027495331    0
 818    0.21210578197622418  0.98003541193163413    0
 819    0.82718801876022119  0.81378618458750207    0
 820    0.54850960323784159  1.0552174846875972    0
 821    0.18813297020333852  1.0274427882529706    0
 822    0.56214175153068069  0.98118506750334722    0
 823    0.87312735115756368  0.80953007442121816    0
 824    0.45354641287539843  1.0652496649450516    0
 825    0.68135051764983523  0.91927860056695454    0
 826    0.50106243115283478  1.02383160962113    0
 827    0.48716947057188581  1.0866409427803496    0
 828    0.4737550114887436  1.0491156304725895    0
 829    0.32573899527086214  0.97426654885702191    0
 830    0.42855201814099775  0.98809525835690803    0
 831    0.81650644013601792  0.68159052993199098    0
 832    0.57636901166694332  1.05581759185178    0
 833    0.86297694607089515  0.77721102176980272    0
 834    0.34569502159885401  0.95005972758256219    0
 835    0.46016241848802553  0.89922475585199135    0
 836    0.75850453724260625  0.85356187552842866    0
 837    0.67500879048759588  0.97654954227005952    0
 838    0.33850527017235915  0.8761254093585068    0
 839    0.42886973970841424  1.0575194432351822    0
 840    0.051847430828109192  0.36860773060317786    0
 841    0.04626606841605102  0.60719936185276024    0
 842    0.02705677154885501  0.62629796139002636    0
 843    0.024861964031148705  0.578125    0
 844    0.49487468458592793  0.21379360746025064    0
 845    0.47974767148481345  0.18702166173660925    0
 846    0.49374778024477051  0.16337458089486551    0
 847    0.53092234767009561  0.27370014955012972    0
 848    0.51664471407779389  0.2551102942586897    0
 849    0.5533443453046577  0.29074396309958056    0
 850    0.57840765931311455  0.29127798068387073    0
 851    0.54248596979288466  0.31456619401150138    0
 852    0.55003232896925502  0.33571293734712193    0
 853    0.59169761622334383  0.24379246749997366    0
 854    0.58846435289202581  0.21549093700819452    0
 855    0.21354927041849589  0.90581530357540219    0
 856    0.25123330036509972  0.86841037317280978    0
 857    0.79606264710006369  0.65688330675280171    0
 858    0.53004722516023106  0.92911118883444188    0
 859    0.49765078067714208  0.96349167290785198    0
 860    0.65698421332987234  0.94252824929352785    0
 861    0.39131470093880916  0.96162676629152388    0
 862    0.71591295827570167  0.90494429390712627    0
 863    0.56008693958911571  0.92028303753715179    0
 864    0.48230153712017859  0.91126251669797675    0
 865    0.32910115815225077  0.90489298421873232    0
 866    0.64896842163765178  0.97210518705913829    0
 867    0.54512755493972231  0.84124496741315924    0
 868    0.45174645989965934  0.94216100894942023    0
 869    0.58084700614564888  0.96294886841715055    0
 870    0.47388483154430833  0.97047607334764507    0
 871    0.63136968027229423  0.95240398391219239    0
 872    0.74424088129910959  0.87459354106235432    0
 873    0.45916624195067313  0.99040006160456684    0
 874    0.7975243441447597  0.87067213016989098    0
 875    0.60087737282583331  0.9103961256255878    0
 876    0.43625989896528916  1.0844816945599802    0
 877    0.65309822363208148  0.90422377381639341    0
 878    0.81549882190489642  0.84386791477051204    0
 879    0.5584336068175606  1.0802149498711628    0
 880    0.890625  0.78125    2
 881    0.52502382675120818  0.97104565914945573    0
 882    0.25635796905107661  0.95064325357156654    0
 883    0.62127732728609653  1.0677203274681322    0
 884    0.77938706570365923  0.83908075536876314    0
 885    0.5105930960626448  1.0544007420186159    0
 886    0.42673127835780583  1.0122797675025099    0
 887    0.28048158125479111  0.93512248440598045    0
 888    0.70146980221868283  0.94417949039428295    0
 889    0.7427825207825034  0.78713547634485981    0
 890    0.82359835397099979  0.78287547201952823    0
 891    0.36898541983307931  0.84589427473009615    0
 892    0.79423353079017245  0.7790539764330815    0
 893    0.7514874018403902  0.80998713507576703    0
 894    0.60087461967926359  1.0540289597010202    0
 895    0.59325958614209362  0.99439200084913171    0
 896    0.2793734840935157  0.98024122450651796    0
 897    0.6708264016031974  0.8123204315511604    0
 898    0.040002583882072285  0.65620282768100047    0
 899    0.22544698103295463  0.88263693449975089    0
 900    0.78072534204349031  0.74148670358580493    0
 901    0.69641846912273342  0.79737021930624463    0
 902    0.64288889544539563  0.80242303210608878    0
 903    0.61710114139753358  0.79151384555457027    0
 904    0.61809897492010391  0.76386721835485105    0
 905    0.65577684062544928  0.75369923602867095    0
 906    0.71245526596874065  0.77879196398240869    0
 907    0.67695554092951216  0.78241947182983862    0
 908    0.69212766467641762  0.75537930310485635    0
 909    0.70464199925484527  0.72619054357334401    0
 910    0.74749280200248769  0.74670659663298711    0
 911    0.71992500664137893  0.75177564382589224    0
 912    0.72993916641394052  0.728739562587993    0
 913    0.76403191128279591  0.71228091014616757    0
 914    0.65090123407994305  0.72164779814504665    0
 915    0.67010241898935285  0.70731716993890359    0
 916    0.30974558218800252  1.0084331664168424    0
 917    0.28938144768042878  1.0759377690089627    0
 918    0.3753934632796484  0.99679311103508594    0
 919    0.35961465515807828  0.97401715962372482    0
 920    0.48211548923961595  1.0046080046385979    0
 921    0.22868926120856989  0.95699449457716379    0
 922    0.24571943401875707  0.98674015680795213    0
 923    0.22258703803209193  1.015100476158951    0
 924    0.19884935076603411  1.0030968777126748    0
 925    0.12790671356580716  0.98640141621059563    0
 926    0.16182863199844905  1.0013328843411153    0
 927    0.26741175954937924  1.028047984778232    0
 928    0.41316780275392334  1.0992184875252402    0
 929    0.20392222379011127  1.0777023812713804    0
 930    0.16424098211679994  0.94985407578937475    0
 931    0.19730978618362227  0.94580047817668567    0
 932    0.24775955949794604  1.012018458877181    0
 933    0.21469444645672858  1.0473291088798644    0
 934    0.46122535731116676  1.0970984133856452    0
 935    0.15311582295417289  0.97512866622924044    0
 936    0.18297640680301464  0.97318666458700565    0
 937    0.17836009917777809  0.92812364747898002    0
 938    0.14065735922019895  0.91907877705094276    0
 939    0.12739618410415093  0.95143594302568812    0
 940    0.12177858119005157  0.90034341107121485    0
 941    0.10301689059989605  0.92826134379401248    0
 942    0.24681603341532785  1.0534452114961919    0
 943    0.42244542203962937  1.1365794573445074    0
 944    0.13659341526291521  1.0126649460588242    0
 945    0.10531283712217185  0.9863318795613224    0
 946    0.090280407159668619  0.96946433268816135    0
 947    0.078952141026766759  0.91643531423653368    0
 948    0.27366099126172827  1.0541653637439776    0
 949    0.30025350083063068  1.0515261883049318    0
 950    0  1.5    4
 951    0.30491998827126898  1.100359629395175    0
 952    0.25061193318530828  1.1096446392821626    0
 953    0.19039372445850597  1.0521049629787906    0
 954    0.11814863490436578  1.0291994684024359    0
 955    0.080454156410832492  0.99342581238551242    0
 956    0.22111943951295049  1.1009940941494232    0
 957    0.10886475227803002  1.0521648744512508    0
 958    0.1360117280385581  1.0829529031278429    0
 959    0.10397238732963515  1.0088860650365183    0
 960    0.10436917199424944  0.95124937177752333    0
 961    0  1.0625    4
 962    0.15183911062262048  1.0450800241341478    0
 963    0.17555099958914211  1.0719298814013591    0
 964    0.23106921063146396  1.0756532176705664    0
 965    0.26020264376328361  1.0804443416001674    0
 966    0.28693211624436765  1.1567946348869753    0
 967    0.28065296773617754  1.116138894991719    0
 968    0.16449166115499919  1.0249550863928945    0
 969    0.21568827487952985  1.1741106591673558    0
 970    0.15310857669464209  1.0678541793999685    0
 971    0.43712475373092752  1.111297589819995    0
 972    0.45155817940907489  1.1339143189282266    0
 973    0.32627544588123369  1.1299054168178329    0
 974    0.080289055654057653  1.019295129371623    0
 975    0.22624056789859492  1.1381344946230194    0
 976    0  1.25    4
 977    0.34503537186571581  1.024727356558303    0
 978    0.36616791273163168  1.0827195761559452    0
 979    0.35414992030492032  1.0542524782585792    0
 980    0.39964021696780305  1.0753978578707775    0
 981    0.32751514019043826  1.0822672934993738    0
 982    0.38161377806990054  1.0546737545675284    0
 983    0.39942886852873188  1.1546042699346601    0
 984    0.39076095840234376  1.1149776531294209    0
 985    0.38597963704066979  1.0931191443702042    0
 986    0.30351443275287943  0.98468979017435598    0
 987    0.49036943276183931  1.0643366873715074    0
 988    0.5232330353603567  1.0882132359461825    0
 989    0.52929568589133458  1.0666780619427372    0
 990    0.56237957493150481  1.1790394643577351    0
 991    0.55123531284327099  1.129993407453135    0
 992    0.5452655629903278  1.1037204529339828    0
 993    0.50326357762153973  1.1318713964726992    0
 994    0.52164070060276446  1.1138810386274782    0
 995    0.46544494104144601  1.0245155914597843    0
 996    0.7216588047657162  0.88191185655593074    0
 997    0.72708513549144949  0.85415571701436355    0
 998    0.74646982036331844  0.9050692570848774    0
 999    0.77200490110558273  0.88788229889148274    0
1000    0.8311263881922466  0.94802299237424259    0
1001    0.80714692196445592  0.9124659544155016    0
1002    0.77490600779330254  0.92437320516296206    0
1003    0.80012807789636542  0.94306375083588656    0
1004    0.3198519469995233  1.2334095775856346    0
1005    0.78824168582104781  0.97966917656814012    0
1006    0.875  1.125    3
1007    0.71947447977787771  0.92853133803715604    0
1008    0.73453778475042808  0.99821137704508323    0
1009    0.67887959560752686  0.95271339633460173    0
1010    0.2831824360572836  1.0065941130500096    0
1011    0.48296296753465123  1.1136162862061678    0
1012    0.44152441713758894  1.1846498885619041    0
1013    0.4249030480999228  1.1634254443150429    0
1014    0.39719683408684492  1.2022433596066044    0
1015    0.84127087454814331  0.88260462235834292    0
1016    0.82187116303360586  0.86756991094517677    0
1017    0.068808949863528951  1.0581316736393469    0
1018    0.70855955980448293  0.97697538651638471    0
1019    0.72544727140207288  0.95616035797126386    0
1020    0.76366260737284386  0.96990713058271283    0
1021    0.6911750953406316  1.0247497184729855    0
1022    0.76400253036848553  0.94583597247110507    0
1023    0.69151685190208001  0.99782392188271674    0
1024    0.65782343523193465  1.010861334253504    0
1025    0.66006219807477051  1.0524747975322677    0
1026    0.64079140016419656  1.0326445940061202    0
1027    0.66895080093179871  1.0311296463149675    0
1028    0.36300203075631338  1.1418109457105408    0
1029    0.25854357250641619  1.1410987312786478    0
1030    0.25506663550472719  1.1809078812683804    0
1031    0.24055975303634236  1.1595844349360225    0
1032    0.16355039193990104  1.1392822697132994    0
1033    0.18298496748091364  1.1079997460412181    0
1034    0.19486527690229305  1.1370587275769219    0
1035    0.15164376232052068  1.1102069364956895    0
1036    0.025373086957548613  1.0127855195980149    0
1037    0  1.125    4
1038    0.1371953091795777  1.1330993240203533    0
1039    0.14070710168486839  1.1773914840778352    0
1040    0.052844368801932148  1.020037534971205    0
1041    0.34655947392308944  1.1065980792031911    0
1042    0.30017059879604846  1.1339372266447794    0
1043    0.84032679120810039  0.91595396488077097    0
1044    0.89111622274260049  0.90070372378496577    0
1045    0.86319461957507293  0.89991329379792706    0
1046    0.87821584459038138  0.86284950200949717    0
1047    0.87596282272030213  0.94243654148884959    0
1048    0.88753289197325347  0.83505781587696415    0
1049    0.921875  0.84375    2
1050    0.85249416242152865  0.93679899016127588    0
1051    0.90754620963761901  0.8704456451811905    0
1052    0.074891483697722666  1.1094826721757893    0
1053    0.74026280665890565  0.97496565723495621    0
1054    0.85074816006427223  0.98583341534747637    0
1055    0.8093003256654796  0.9956679992462959    0
1056    0.78308691719519086  0.95776276953401096    0
1057    0.75700904029589633  0.99219738551711734    0
1058    0.81201980001020213  0.96809204718335307    0
1059    0.64630615999034635  1.0744366469595952    0
1060    0.7229580123301601  1.0345075328702416    0
1061    0.38516458192589842  1.1369631182350435    0
1062    0.37105191648554686  1.1771465580921296    0
1063    0.39508867993699975  1.1782727526576553    0
1064    0.35810934467929023  1.216796453484869    0
1065    0.37414323277360262  1.2000929431665341    0
1066    0.36721767811280631  1.1183971221720623    0
1067    0.85366713203265665  0.86136362625715113    0
1068    0.71290764215567626  1.0113058463910651    0
1069    0.84606306151811739  1.058346276802538    0
1070    0.29393789774911483  1.1991643488755024    0
1071    0.21706669818254232  1.2835890160503831    0
1072    0.10115688972431215  1.0863234648022311    0
1073    0.12088187152191682  1.108397183825313    0
1074    0.075241144234099624  1.0834055170186292    0
1075    0.033019789863387779  1.095880305714493    0
1076    0.0904470718640491  1.065957869593211    0
1077    0.41685707033028851  1.3148160863702301    0
1078    0.8372898635042344  1.0213716511174709    0
1079    0.27930012047155739  1.1798206320432121    0
1080    0.32622658234960056  1.1720613977279311    0
1081    0.34991281721454753  1.1633775665570956    0
1082    0.34668233587535563  1.1912115235351328    0
1083    0.22653748027951398  1.2287219148619439    0
1084    0.042033208551682313  1.1393818870693675    0
1085    0.031032244226698522  1.047005968598745    0
1086    0  1.03125    4
1087    0.0529154210682743  1.0424000646093081    0
1088    0.024012035517597355  1.0717690373111246    0
1089    0  1.09375    4
1090    0.36302219195580432  1.2804668944199638    0
1091    0.83199306869403922  0.99904831986156428    0
1092    0.80484125124410866  1.0286148120360885    0
1093    0.78309051295233401  1.0537600143908858    0
1094    0.32179173188325505  1.2050142496342857    0
1095    0.23161078164150789  1.1993307477610797    0
1096    0.26282935125405982  1.2198529255567139    0
1097    0.049934299864323656  1.1150602311765212    0
1098    0.34956642439345009  1.2494803895580775    0
1099    0.39535046350007574  1.2480136605299679    0
1100    0.31145244212315526  1.2844460455188875    0
1101    0.37274936355842125  1.2578280990677748    0
1102    0.3244689650316625  1.2603788623314049    0
1103    0.28436233555091117  1.2542410740964995    0
1104    0.9375  1.0625    3
1105    0.8598704185484809  1.0096054461093948    0
1106    0.89407811718281149  0.98284231431542901    0
1107    0.82525370353897021  1.043755693507036    0
1108    0.81253973937404156  1.0840232187969134    0
1109    0.77197335895363561  1.0221637597727975    0
1110    0.7521398550131887  1.0468961002525863    0
1111    0.74594659266757768  1.0216108925817269    0
1112    0.75405462979343352  1.1114751034127155    0
1113    0.72080493775298304  1.080143072334125    0
1114    0.76126919331769471  1.0789433025596586    0
1115    0.7303226941869797  1.057723557439441    0
1116    0.78712096977070944  1.0792981362990146    0
1117    0.78507585882987208  1.1481048919366683    0
1118    0.74139459907683414  1.0916016080738453    0
1119    0.70846194228567294  1.126549891306214    0
1120    0.28990583268938958  1.2268340992166658    0
1121    0.26411763736768384  1.299648768693799    0
1122    0.2512248929306593  1.2510551202305926    0
1123    0.26581861132240447  1.2731903110929501    0
1124    0.24285214629860408  1.2849977373375461    0
1125    0.22745677507156328  1.3301022100787963    0
1126    0.22384626215079109  1.2565083165431039    0
1127    0.14881448392461233  1.2521133283928798    0
1128    0.18723081050103246  1.238938443352082    0
1129    0.19604582144825594  1.2041480890477598    0
1130    0.20454022978987688  1.2248122904394148    0
1131    0.15765993578034226  1.2129339893077773    0
1132    0.17948044609248626  1.1718743158532132    0
1133    0.17910184237581842  1.2183668354269954    0
1134    0.19842158571213098  1.1594372755479943    0
1135    0.15830145346362209  1.1620368988468097    0
1136    0.87133871336254387  0.96877342886378681    0
1137    0.90308418353107234  1.0295966608468541    0
1138    0.80686078087734681  1.0600892594397842    0
1139    0.8488715639878236  1.096735177323843    0
1140    0.69377077476346138  1.0589824540315733    0
1141    0.67347762067958117  1.0772722558673593    0
1142    0.68616124898390185  1.1053248584790727    0
1143    0.65850796582301674  1.1567075284408257    0
1144    0.69684446112484777  1.0836009075696502    0
1145    0.66530821024696474  1.1272347054540901    0
1146    0.68721703298387582  1.1478106326206636    0
1147    0.60829563313566259  1.1296011516527387    0
1148    0.75436840863379773  1.1654393408513473    0
1149    0.63712715325388325  1.1362534287015342    0
1150    0.57962750464433976  1.109727422191481    0
1151    0.59059890442647134  1.0820108812267535    0
1152    0.6897855028345603  1.2068673002837831    0
1153    0.7196953530661413  1.1590198522173354    0
1154    0.61374743705039281  1.182094214321439    0
1155    0.68073933277424825  1.1776765455464395    0
1156    0.61758015060643845  1.1551665208694031    0
1157    0.70826140809983207  1.1851445711456914    0
1158    0.625  1.375    3
1159    0.58899904408943438  1.1648350797451936    0
1160    0.72642614810245809  1.2193128392775432    0
1161    0.56535681336809551  1.1525738452020178    0
1162    0.52779986865527628  1.1617491640265356    0
1163    0.61726446515233802  1.0991805846504656    0
1164    0.7365481245915948  1.1350112601794546    0
1165    0.72813388669281842  1.1120964832468454    0
1166    0.8125  1.1875    3
1167    0.58346523485664192  1.1348053933431663    0
1168    0.52802502467771395  1.1373898820571884    0
1169    0.77601779120921943  1.1009666964979334    0
1170    0.17877607671540385  1.2768815491901067    0
1171    0.097321331086412111  1.2198996272779294    0
1172    0.162135942340255  1.1889847735150783    0
1173    0.88660013944335447  1.0085273324600017    0
1174    0.83487531818671623  1.0784619477118054    0
1175    0.90625  1.09375    3
1176    0.76233510631909907  1.1359130951772995    0
1177    0.78125  1.21875    3
1178    0.78239190053406049  1.1792162237890669    0
1179    0.64069588228302321  1.1774552582818791    0
1180    0.6373633478750953  1.2386894418775427    0
1181    0.63202726300557255  1.2076912626241256    0
1182    0.66080043679074019  1.1998526532611697    0
1183    0.6875  1.3125    3
1184    0.58114148842487723  1.2324092070211468    0
1185    0.66859283735730046  1.2310454442086276    0
1186    0.60171026098920211  1.2100161033736339    0
1187    0.60904599215791067  1.237397289275298    0
1188    0.57378790317273187  1.2050116215802611    0
1189    0.62018159960295116  1.3042935593305722    0
1190    0.50365946739795364  1.2385199351167169    0
1191    0.59087790342279778  1.1885142271166689    0
1192    0.62176217299438208  1.2696554996427964    0
1193    0.53207164169929089  1.2078439374033176    0
1194    0.65625600298541609  1.2885845831813172    0
1195    0.57060286449407782  1.2846761347055    0
1196    0.59034637657790379  1.2614611158247035    0
1197    0.59797660441429035  1.2879534130814052    0
1198    0.57807045251496969  1.3382618430060995    0
1199    0.58139596554300244  1.3104852191465217    0
1200    0.52702158819985523  1.3180627143736698    0
1201    0.55321052813893146  1.307110761553623    0
1202    0.52463274675558136  1.2755621525461389    0
1203    0.64768821862417458  1.2633043546166849    0
1204    0.48443583019148001  1.1723469231037043    0
1205    0.6369869089610668  1.1124711841435959    0
1206    0.17138166152030854  1.2553203539237514    0
1207    0.19894588814021141  1.2614623971996202    0
1208    0.19207893741175625  1.3135878205419185    0
1209    0.12629720024428287  1.2060789047535161    0
1210    0.13771364285362389  1.2290189298854195    0
1211    0.11030425300759542  1.2564090018884444    0
1212    0.091642625741404762  1.170708848421212    0
1213    0.10293100397212922  1.1379898564486377    0
1214    0.11502991773440306  1.1824564564195494    0
1215    0.072645820753985735  1.1458479639555241    0
1216    0.098024344811128455  1.1147726649212937    0
1217    0.12303953155523156  1.1563978249693074    0
1218    0.86436197809493553  1.0763047263261691    0
1219    0.87578130871447613  1.0463667572241213    0
1220    0.9040047964647594  1.0617060131395284    0
1221    0.88784156729629937  1.0789391607528016    0
1222    0.8068026839865351  1.1194904728224586    0
1223    0.78317209295997081  1.1239196590350358    0
1224    0.82581131652958784  1.1043676110923295    0
1225    0.84375  1.15625    3
1226    0.83176036061442871  1.1313530936885776    0
1227    0.81398670979394139  1.1552477637612069    0
1228    0.73810912512750193  1.1911893066578916    0
1229    0.75378838222541278  1.2141911439015094    0
1230    0.71875  1.28125    3
1231    0.67646589671677404  1.2676432197489895    0
1232    0.53827483389880637  1.1840237374633387    0
1233    0.50898508177316337  1.1891139884988609    0
1234    0.47632121771506308  1.2105830583876842    0
1235    0.65625  1.34375    3
1236    0.47242929823031771  1.2998137830329228    0
1237    0.5391421073993824  1.2428883247457407    0
1238    0.56416474224547242  1.2537723725019538    0
1239    0.55396412474939161  1.221662419361174    0
1240    0.54901930713053593  1.2730500943231688    0
1241    0.50357219666756547  1.1566317109032134    0
1242    0.47779362697857808  1.1447499783367778    0
1243    0.45880019067914707  1.1639192516050731    0
1244    0.19596273188742283  1.2914165735985106    0
1245    0.21613023005025189  1.3082152636789848    0
1246    0.1652804215989343  1.4171479168906462    0
1247    0.055018411464031594  1.2555058479923289    0
1248    0.11535200028626079  1.2340509126158632    0
1249    0.12998439488709795  1.3153280359663437    0
1250    0.87384586500790995  1.0998577250764878    0
1251    0.85216421252028762  1.1199005774995092    0
1252    0.70116226982873486  1.2431847077944245    0
1253    0.72593002391933648  1.2440922487556509    0
1254    0.70007394726956473  1.2667833309258383    0
1255    0.50149200270053496  1.2132962923914932    0
1256    0.43563496495578818  1.2288638205495579    0
1257    0.46581137280255985  1.1883734966499784    0
1258    0.65991769037444703  1.316167690374447    0
1259    0.50335662665772696  1.2980754416856279    0
1260    0.48616542509068694  1.2682095008805299    0
1261    0.50751935018679206  1.2607931092619964    0
1262    0.44491376560912227  1.2690675456156018    0
1263    0.47346215561073335  1.2407255202807332    0
1264    0.46573676704673689  1.2781178188659645    0
1265    0.18829043693221315  1.3678548694429891    0
1266    0.082830273738555588  1.2456158063182419    0
1267    0.13262021603345206  1.2817013201575824    0
1268    0.15523467091228035  1.2748530269144833    0
1269    0.44239930734328803  1.2990030616698314    0
1270    0.4560592053201708  1.3496026893666495    0
1271    0.44166112928765777  1.326345970457941    0
1272    0.48981359751296816  1.3331151805614998    0
1273    0.40998722980638647  1.3620403003483466    0
1274    0.42048542043633835  1.33945570735937    0
1275    0.3774868267886955  1.3332005798256803    0
1276    0.42245215738474751  1.2530789515424912    0
1277    0.41516037955485563  1.2835402173827342    0
1278    0.38798931756260208  1.3006981822249177    0
1279    0.39105723429407691  1.2754636843144318    0
1280    0.45087182616981503  1.2465198468610907    0
1281    0.20061642447311029  1.3414496072172861    0
1282    0.16130934138180592  1.3391805634597558    0
1283    0.46653160035187041  1.3240808070746808    0
1284    0.48316740006609527  1.4198728624303987    0
1285    0.31604689152309084  1.4351719388501412    0
1286    0.14776610656721012  1.3789551610950481    0
1287    0.16083142191076011  1.3073127931066642    0
1288    0.51858839754199992  1.3507300241056097    0
1289    0.54755152089963666  1.3407847798770183    0
1290    0.4867533701079137  1.3818061249640226    0
1291    0.49445186624034093  1.3578483357947595    0
1292    0.35623017592195738  1.3898881110643884    0
1293    0.128240496014043  1.3501136665239415    0
1294    0.13882087304627683  1.4596079100645509    0
1295    0.10088343523222519  1.3313056536960939    0
1296    0  1.3125    4
1297    0.042338248548846158  1.2942287927784335    0
1298    0  1.375    4
1299    0.13002176628607681  1.4103581948353126    0
1300    0.1293605409974867  1.508734897021468    0
1301    0.14388857653439618  1.4332916029964282    0
1302    0.09523060862806694  1.292199895613771    0
1303    0.076623109743111831  1.2722105894604221    0
1304    0.06815211046644773  1.3257549330014669    0
1305    0.086521454516769847  1.3814957853488439    0
1306    0.080435201593490185  1.3526042781529304    0
1307    0.10492001313170488  1.3625331501083882    0
1308    0.043468650956622827  1.3754784260381436    0
1309    0.11300840045321882  1.3887878825918725    0
1310    0.052684979584039865  1.3490651852970323    0
1311    0.088656798649747487  1.4254896787821609    0
1312    0.11459097727688207  1.4412958899078672    0
1313    0.10539787128087194  1.4786460544356157    0
1314    0.16508479576483065  1.3626591360640661    0
1315    0.17274208958046544  1.3906139604969103    0
1316    0.24182604243577499  1.421119468308957    0
1317    0.21011508921205529  1.3994554697595745    0
1318    0.22718631773374054  1.3668793446208323    0
1319    0.20799460045988305  1.3775831712225728    0
1320    0.27399587348534304  1.3488340181815062    0
1321    0.23768407244307338  1.39314167484308    0
1322    0.25556697928918648  1.3707641178667251    0
1323    0.24816386012848873  1.3458345455287157    0
1324    0.30013804692816554  1.3895108991801357    0
1325    0.26957321163811371  1.4027161455391921    0
1326    0.28075945653744988  1.3732261582483898    0
1327    0.31670368964896717  1.3501255577794851    0
1328    0.29398961249540762  1.4172550205819674    0
1329    0.27148654372543668  1.4674939183953293    0
1330    0.28944908593014362  1.4453804723481067    0
1331    0.075821635028988532  1.5210022135974313    0
1332    0.26162322059746351  1.4411299104523991    0
1333    0.32793037659870566  1.465500947762725    0
1334    0.2050170216693965  1.4773345065862984    0
1335    0.27302313439191173  1.5007652441408874    0
1336    0.22944243407861298  1.4531694112989639    0
1337    0.25  1.75    3
1338    0.23973970313038842  1.502012413416802    0
1339    0.19377582215847208  1.4415453973546444    0
1340    0.16653571235513054  1.4512988327396272    0
1341    0.16295453876137939  1.4897296811694294    0
1342    0.23032663896825756  1.4784899557707105    0
1343    0.21725235929264847  1.4300419625846823    0
1344    0.37775552719525352  1.3656305045827424    0
1345    0.34674378521598687  1.3597909948199336    0
1346    0.32823475651229084  1.3821684837404757    0
1347    0.33516333696328954  1.4116646694730381    0
1348    0.21567316040708945  1.6027917652895423    0
1349    0.32767043238727622  1.4980739185846947    0
1350    0.34029639046568944  1.4353654587140383    0
1351    0.25136053646687911  1.5875401761716539    0
1352    0.068996099323553273  1.298732497079337    0
1353    0.026038070351837393  1.2674535717036057    0
1354    0.016180212236272792  1.2918040328457383    0
1355    0  1.4375    4
1356    0.061321897973250918  1.4047676720202253    0
1357    0.047095882825863765  1.4519236208585853    0
1358    0  1.40625    4
1359    0.062966908394822219  1.4309877668872155    0
1360    0.081929354017907768  1.4568228257744944    0
1361    0  1.75    4
1362    0.061213128338607599  1.4778326814810852    0
1363    0.082982375329932898  1.4957924129656801    0
1364    0.030419442997434886  1.4883996218465225    0
1365    0  1.625    4
1366    0.082244961070073203  1.6392190399695421    0
1367    0.10333980860158881  1.5124106029780897    0
1368    0.15260844007128316  1.5741536530643045    0
1369    0.12113053182771043  1.5444134305261545    0
1370    0  1.46875    4
1371    0.099430768146853948  1.6596137581336046    0
1372    0.053892659143963462  1.50665194300123    0
1373    0.053822752932988022  1.5828397970701713    0
1374    0  1.5625    4
1375    0.096421069568893999  1.5372032489404692    0
1376    0.020971311582507608  1.453125    0
1377    0.098483461144876966  1.5924674818938798    0
1378    0.075434576205973145  1.6124141158563798    0
1379    0.11041202513908316  1.5644170155092203    0
1380    0.042489332589850853  1.548007845930782    0
1381    0.14598453401874964  1.531358052675752    0
1382    0.17688969726554388  1.6042210194314337    0
1383    0.16023273034347607  1.6261041507237355    0
1384    0.375  1.625    3
1385    0.14956195638003056  1.6011354789126224    0
1386    0.13394913230170272  1.622572378528871    0
1387    0.12795582215845777  1.584689356178391    0
1388    0.13757683548870051  1.6951425681973165    0
1389    0.30024056775497687  1.4815674956043938    0
1390    0.1260995110029984  1.6593405396409784    0
1391    0.18783583007341473  1.629834006700853    0
1392    0.17391621430149617  1.6711149875588631    0
1393    0.125  1.875    3
1394    0.36840966269910003  1.4821115098954438    0
1395    0.34483915755250916  1.4819234086501871    0
1396    0.10390549309733942  1.6220229168307261    0
1397    0.28537453611892327  1.5373156715217355    0
1398    0.066461758696801376  1.5435229620696178    0
1399    0.077047374920114431  1.5835053278540441    0
1400    0.083330214652358223  1.5611367802353868    0
1401    0.073401094170742781  1.6654234540438249    0
1402    0  1.6875    4
1403    0.13025850282674223  1.4834334400241684    0
1404    0.29627835587807727  1.3187742788136161    0
1405    0.19080496107210584  1.4161757048869961    0
1406    0.18058457538453485  1.4719902540187366    0
1407    0.031007162619296352  1.4198312244081381    0
1408    0.021564985944026054  1.390625    0
1409    0.19651805505390255  1.5260598205071438    0
1410    0.14835326275913199  1.6719471879600765    0
1411    0.4311067163418556  1.5071587977583252    0
1412    0.046280350365933538  1.6110352289171852    0
1413    0.020532326894935848  1.609375    0
1414    0.024494103406453211  1.5647808996661678    0
1415    0  1.59375    4
1416    0.03054939755132155  1.5877918908799653    0
1417    0  1.53125    4
1418    0.026409978351082448  1.5177758626889386    0
1419    0.082394834513742715  1.7268933775251676    0
1420    0.11378069739606997  1.6830303742200563    0
1421    0.093050225330398889  1.7531899087460643    0
1422    0.10992652393738296  1.7200340054556924    0
1423    0.29558952092478152  1.3415522382338858    0
1424    0.27155878207250284  1.3237388929880425    0
1425    0.28870389559158027  1.2949083328481352    0
1426    0.18871947086294938  1.4995956660865095    0
1427    0.2139579111206156  1.5065394205769327    0
1428    0.23337383829474309  1.5414366703405407    0
1429    0.17027651375204833  1.5194116646525506    0
1430    0.17610611668451026  1.551515374557136    0
1431    0.25726873957560248  1.5250689192886815    0
1432    0.20619243666818501  1.5547289710521861    0
1433    0.2301388317537357  1.5692591611390569    0
1434    0.1885251900328892  1.5776893860629471    0
1435    0.21081829529730822  1.5808109351066622    0
1436    0.21875  1.78125    3
1437    0.25950848645995739  1.6451112325695965    0
1438    0.39064848685650194  1.4369102414963133    0
1439    0.39191585128761797  1.3998751057839771    0
1440    0.36771887101042916  1.4175863235277801    0
1441    0.44493378805139605  1.4202286640384079    0
1442    0.41491235906476687  1.4192013128342846    0
1443    0.43097331092379854  1.3890247762017791    0
1444    0.42883551371460504  1.4514958443681807    0
1445    0.40872827586601168  1.3846721751236222    0
1446    0.43524463063204394  1.3640501561864915    0
1447    0.45827133467483189  1.3808408950652504    0
1448    0.4043617322928208  1.4582892922389903    0
1449    0.5625  1.4375    3
1450    0.42345503873588441  1.4795931950187868    0
1451    0.45411985056606013  1.4447359988077308    0
1452    0.45755543143255806  1.4849723663918559    0
1453    0.30095107820641248  1.5116897724794878    0
1454    0.3372031179728292  1.5498051497260601    0
1455    0.31297872565891482  1.5365477038352069    0
1456    0.30178992969310786  1.5857526800900816    0
1457    0.2998024420109191  1.5594261352066086    0
1458    0.27614294459567107  1.5744505714865884    0
1459    0.25470256425541815  1.558015944357074    0
1460    0.082995459871787455  1.6985264221565251    0
1461    0.046346425291689489  1.7568072979516103    0
1462    0.039428927523532893  1.7117938061556988    0
1463    0.069123568521880854  1.7475779680158132    0
1464    0  1.875    4
1465    0.056101883168219041  1.688379224343592    0
1466    0.028080254585372683  1.6860691969766739    0
1467    0.012484265478815213  1.65625    0
1468    0.043192608085974325  1.6591770645872643    0
1469    0.029991304412252923  1.6351274243364671    0
1470    0.056261944161489115  1.6353366293889411    0
1471    0.17003836943975043  1.7047438027387505    0
1472    0.21128393077251589  1.6924619677917276    0
1473    0.1875  1.8125    3
1474    0.18803421755070532  1.6897809699488961    0
1475    0.14897439343682667  1.7162841443580965    0
1476    0.22623342870207572  1.6415115426682281    0
1477    0.4375  1.5625    3
1478    0.39689123088116046  1.5018115739081668    0
1479    0.48266446746284564  1.4815083070170487    0
1480    0.53125  1.46875    3
1481    0.5483230583752019  1.3901783716769673    0
1482    0.53988595317120569  1.3656073392128092    0
1483    0.51739231661940699  1.3870651826740505    0
1484    0.52953941187029474  1.4215901341873776    0
1485    0.46875  1.53125    3
1486    0.39192247666746194  1.4785564102754933    0
1487    0.40879624181500057  1.5377761044720877    0
1488    0.36284991543858375  1.5205883617621814    0
1489    0.59375  1.40625    3
1490    0.5386216581282951  1.444871658128295    0
1491    0.5041605997045463  1.4473099821930473    0
1492    0.50674299326182803  1.4102113540709722    0
1493    0.4559059809243593  1.509864169751056    0
1494    0.55329472664006885  1.4144733522273223    0
1495    0.50626337377579955  1.4724868314978441    0
1496    0.47921084405105807  1.4446500898562433    0
1497    0.072256825580081563  1.7880311796557791    0
1498    0.34375  1.65625    3
1499    0.17174982812552589  1.7328612900941236    0
1500    0.20817638361112087  1.7289643417127722    0
1501    0.13861249879657689  1.767076376924797    0
1502    0.14737808330236427  1.7424115463314895    0
1503    0.22228228558417856  1.7117817518533458    0
1504    0.19299427693006094  1.7592465555534518    0
1505    0.16575607721467076  1.7628328716165764    0
1506    0.18254019452028397  1.7850781351384053    0
1507    0.21025971624877524  1.6250681752914518    0
1508    0.24253419596350667  1.6162657702172873    0
1509    0.3125  1.6875    3
1510    0.30462742628180012  1.6128279728731996    0
1511    0.27744819783581387  1.6112747802697904    0
1512    0.25818231184100277  1.6785541465732596    0
1513    0.28863719656760112  1.6630140796136743    0
1514    0.29883548655778663  1.6386229989360157    0
1515    0.34394637417679813  1.595021007036256    0
1516    0.32753917201452404  1.6315202748990114    0
1517    0.35194795435895754  1.6331979543589576    0
1518    0.20359715557633398  1.6625381726420236    0
1519    0.2311849527447522  1.669540003048813    0
1520    0.46390775474192886  1.404701582970225    0
1521    0.43655859510144313  1.534568862988559    0
1522    0.40625  1.59375    3
1523    0.33637548080990148  1.5232137358019457    0
1524    0.38742594312761841  1.5248974508315767    0
1525    0.37816906577794562  1.5644277418756378    0
1526    0  1.8125    4
1527    0.10802343110658322  1.7857513980234818    0
1528    0.11501454604151914  1.7628131615763725    0
1529    0.15625  1.84375    3
1530    0.15647071025961309  1.7872931734290278    0
1531    0.093194555794668149  1.8348110107171862    0
1532    0.13155274085986332  1.7899021784023967    0
1533    0.091454642456152743  1.8075141884481727    0
1534    0.11716379808640173  1.819579336404118    0
1535    0.14682685783151783  1.8154843168077281    0
1536    0.11820689925357214  1.8476961786512547    0
1537    0.32635349559850962  1.5745339612131399    0
1538    0.40960788788772606  1.5658578878877261    0
1539    0.37592960596981495  1.594679605969815    0
1540    0.3528811398632935  1.5705777672491952    0
1541    0.36181616553519524  1.5455458309434922    0
1542    0.03385059980096964  1.7935391709184372    0
1543    0.057101567522621223  1.8234077335365395    0
1544    0.12332891416934776  1.7401321210774898    0
1545    0.051364381285184384  1.7790057732736837    0
1546    0  1.78125    4
1547    0.021378157746371629  1.765625    0
1548    0.054574694244231142  1.8013907042670667    0
1549    0.094013272859682959  1.8682124343561919    0
1550    0.027721669492439122  1.8222942482278406    0
1551    0.0625  1.9375    3
1552    0  1.84375    4
1553    0.068928117462115149  1.848796376957293    0
1554    0.033569862209692616  1.8584869575609944    0
1555    0.09375  1.90625    3
1556    0  1.90625    4
1557    0.058513472356455647  1.8801477599013454    0
1558    0.062843419131234216  1.9086614582009671    0
1559    0  1.9375    4
1560    0.080620407485911511  1.887139431029117    0
1561    0.28125  0    1
1562    0.22037934982447799  0.055425861964744499    0
1563    0.41368377319342264  0.25988348983535975    0
1564    0.67530607196591974  0.61281733552644213    0
1565    0.40236348263058463  0.87135970521479855    0
1566    0.40571197952664712  0.89510241643488098    0
1567    0.42612212216299361  0.86190809419380754    0
1568    0.37305261287856351  0.93790719818906076    0
1569    0  1.1875    4
1570    0.984375  0.96875    2
1571    0.953125  0.90625    2
1572    0.62100485625547241  1.3397548562554724    0
1573    0.63663672977317165  1.321651747652866    0
1574    0.59880349615043327  1.3601204503271671    0
1575    0.56991885398262276  1.3690288253340999    0
1576    0.60263137510329923  1.3838813751032992    0
1577    0.57271122230611693  1.3934806152876238    0
1578    0.6031895549782802  1.3224282451739873    0
1579    0.40941754705241507  1.2256587339613179    0
1580    0.42334752314934193  1.2034918011412825    0
1581    0.33976361532407057  1.3151972650033801    0
1582    0.36321560659756208  1.3057496238701394    0
1583    0.3370293711756851  1.3384684120522279    0
1584    0.33771702526920344  1.2886734827906281    0
1585    0.31724261972431039  1.3075232861897927    0
1586    0.030448439641646601  1.3248665311751937    0
1587    0  1.34375    4
1588    0.025535510219040852  1.354406505188946    0
1589    0.36497504522360363  1.4523503575179495    0
1590    0.025588578161735296  1.7369590099677734    0
1591    0  1.71875    4
1592    0.22210879008356038  1.7533587900835603    0
1593    0.28357228401203666  1.6907002868544994    0
1594    0.28125  1.71875    3
1595    0.24169473243322825  1.69674800316324    0
1596    0.31633051489607267  1.6600805148960727    0
1597    0.022183944664188732  1.8777192963456037    0
1598    0.031249999999999997  1.9227065487318604    0
1599    0.022712271871358856  1.9010199697366506    0
1600    0.049735972922064726  1.2004698275486971    0
1601    0.069130884261889097  1.2209552631913254    0
1602    0.076832531631587042  1.1942396684084153    0
1603    0.057350701921871299  1.1715482168886198    0
1604    0.028656580541026409  1.1794566240289535    0
1605    0  1.15625    4
1606    0.018130846756956902  1.140625    0
1607    0.96875  0.9375    2
1608    0.89848474224817299  0.92699681844961446    0
1609    0.93223321726692543  0.94150826321048253    0
1610    0.92187133926823894  0.90626378733866086    0
1611    0.90613797798001017  0.95569732136467345    0
1612    0.9306297595120594  0.9696498652980432    0
1613    0.96391950979113072  0.99683925244778271    0
1614    0.95739370764878662  0.96270939617560669    0
1615    0.96875  1.03125    3
1616    0.92157360947439393  1.0017905600549646    0
1617    0.93493908213871935  1.0307280576037177    0
1618    0.94166989939377055  0.99010680391307271    0
1619    0.25343986343401603  1.722189863434016    0
1620    0.23264056349946236  1.7326138566838853    0
1621    0.018409906349105606  1.21875    0
1622    0.032300894199975477  1.2415234972834017    0
1623    0.022097086912079587  1.9779029130879204    3
1624    0  1.96875    4
1625    0.025061642575473303  1.9500374381481607    0