71  2  0  1
   1    0  0    1
   2    1  0    1
   3    1  1    2
   4    0  1    3
   5    0.25  0.25    5
   6    0.75  0.25    5
   7    0.75  0.75    6
   8    0.25  0.75    7
   9    0  0.5    4
  10    0.5  0    1
  11    0.5  1    3
  12    1  0.5    2
  13    0  0.25    4
  14    0.25  0    1
  15    0.125  0.25    0
  16    0.25  0.5    8
  17    0.0625  0.375    0
  18    0.125  0.484375    0
  19    0.19558189655172414  0.37149784482758619    0
  20    0  0.75    4
  21    0.1708984375  0.625    0
  22    0.125  0.74157333374023438    0
  23    0.25  1    3
  24    0.071210701076779515  0.875    0
  25    0.125  1    3
  26    0  0.125    4
  27    0.1875  0.125    0
  28    0.09375  0.15625    0
  29    0.125  0    1
  30    0  0.625    4
  31    0.08544921875  0.57508680555555558    0
  32    0.20430203734823632  0.875    0
  33    0.375  0.75    7
  34    0.375  1    3
  35    0.5  0.75    7
  36    0.4375  0.875    0
  37    0.32090101867411813  0.89482550933705907    0
  38    0.328125  0.1328125    0
  39    0.5  0.25    5
  40    0.375  0    1
  41    0.375  0.25    5
  42    0.45933948863636365  0.125    0
  43    0.6904592820623231  0.125    0
  44    0.625  0.25    5
  45    0.75  0    1
  46    0.5625  0.17788212577637974    0
  47    0.59185051098492381  0.067648693460813328    0
  48    0.578125  0.8828125    0
  49    0.75  1    3
  50    0.625  0.75    7
  51    0.625  1    3
  52    0.70933948863636365  0.875    0
  53    0.9404592820623231  0.875    0
  54    0.875  1    3
  55    1  0.75    2
  56    0.8125  0.92788212577637974    0
  57    0.84185051098492381  0.81764869346081337    0
  58    0.83149904082678594  0.134499520413393    0
  59    1  0.25    2
  60    0.875  0    1
  61    0.875  0.25169828630875934    0
  62    0.75  0.5    6
  63    0.93918674960321324  0.375    0
  64    0.875  0.48352024470149763    0
  65    1  0.625    2
  66    0.85090790106959191  0.70917125539631076    0
  67    0.75  0.625    6
  68    0.79710657404029173  0.375    0
  69    0.85974651864692697  0.59600330192018924    0
  70    1  0.125    2
  71    0.91796669625548621  0.16907766727889728    0