0  2  0  1
40  1
   1       2    60       1
   2       3    55       2
   3       4    25       3
   4       1    26       4
   5       5    41       5
   6      62     6       6
   7      50     7       7
   8      16     8       8
   9       9    30       4
  10      10    40       1
  11      11    51       3
  12      12    59       2
  13      13     9       4
  14      16     5       8
  15      20     4       4
  16      23    34       3
  17      25    23       3
  18      26    13       4
  19      14    29       1
  20      29     1       1
  21      30    20       4
  22      34    11       3
  23      35    33       7
  24      33     8       7
  25      40    14       1
  26      39    44       5
  27      41    39       5
  28      44     6       5
  29      45    10       1
  30      50    35       7
  31      49    54       3
  32      51    49       3
  33      54     3       3
  34      55    65       2
  35      60    45       1
  36      59    70       2
  37      62    67       6
  38      67     7       6
  39      65    12       2
  40      70     2       2
1
   1   0.5  0.5