262  2  0  1
   1    0  0    1
   2    1  0    1
   3    1  1    2
   4    0  1    3
   5    0.25  0.25    5
   6    0.75  0.25    5
   7    0.75  0.75    6
   8    0.25  0.75    7
   9    0  0.5    4
  10    0.5  0    1
  11    0.5  1    3
  12    1  0.5    2
  13    0  0.25    4
  14    0.25  0.5    8
  15    0.125  0.25    0
  16    0  0.125    4
  17    0.0625  0.25    0
  18    0.03125  0.3125    0
  19    0.25  0    1
  20    0  0.375    4
  21    0.14473981951089893  0.3655949728005875    0
  22    0.07421875  0.373046875    0
  23    0.097813070255474449  0.31078210538321166    0
  24    0.073381696428571425  0.45772879464285715    0
  25    0.21009652979274004  0.31705117587383419    0
  26    0.03818864837748575  0.41503582584445853    0
  27    0.094450117553425056  0.41559195239314989    0
  28    0.1433843095708634  0.29469423455229343    0
  29    0.1875  0.25041972689129444    0
  30    0.25  0.375    8
  31    0.1568852659132384  0.1556147340867616    0
  32    0.15653296820843965  0.20807409994253667    0
  33    0.15721280271526419  0.49757464683219177    0
  34    0.25  0.625    8
  35    0  0.75    4
  36    0.10548318805694407  0.50733212228723057    0
  37    0.03125  0.1875    0
  38    0.096575917713906986  0.18144058468144153    0
  39    0.125  0    1
  40    0.1105093107901334  0.13064720770661323    0
  41    0.055367660067536108  0.12561223336377514    0
  42    0.028378314865435173  0.0625    0
  43    0.17232786402415068  0.071376572143337952    0
  44    0.0625  0    1
  45    0.10594539813597191  0.064013784227270776    0
  46    0.1875  0    1
  47    0.27370086001213456  0.1334948947376367    0
  48    0.22243769050209472  0.18228582581144459    0
  49    0.20891898032846037  0.12161903574754682    0
  50    0.23640491173630951  0.063155573312183522    0
  51    0.3125  0    1
  52    0.375  0    1
  53    0.5  0.25    5
  54    0.34375  0.034740642457327574    0
  55    0.29250120483405551  0.058104475289013552    0
  56    0.4375  0.087645540030354435    0
  57    0.15954283387264262  0.43077521473833064    0
  58    0.12186984413624484  0.46153813728862275    0
  59    0.19753839324530362  0.36841183501668173    0
  60    0.20446910669926421  0.46578264113101964    0
  61    0.2182228385356349  0.41587160820044877    0
  62    0.14983152958016316  0.60044452025750061    0
  63    0.1399458899000004  0.54803543825035705    0
  64    0  0.625    4
  65    0.21141634522716407  0.5616912337309895    0
  66    0.070896346911784799  0.58819675563678386    0
  67    0.2000916092254183  0.61200494292280572    0
  68    0.25  0.6875    8
  69    0.094730830178806333  0.69507390020931026    0
  70    0  0.5625    4
  71    0.05118313655030967  0.53193622813093988    0
  72    0.16031431735135879  0.6699051069538049    0
  73    0.20871925103280295  0.66054565511626029    0
  74    0.15822829301538047  0.76250081457817909    0
  75    0.14029664607713094  0.71577549385982531    0
  76    0.056663616510831079  0.64746698700583227    0
  77    0.036030854219333358  0.70298827715999557    0
  78    0.11217722344632604  0.64164850668812901    0
  79    0.19945868441123848  0.71907129922822499    0
  80    0.077650980117467572  0.77477034603984352    0
  81    0.0625  0.96875    0
  82    0  0.875    4
  83    0.055417038312581199  0.85982779010908439    0
  84    0.022839064592557603  0.8125    0
  85    0.125  1    3
  86    0.25  1    3
  87    0.098491702163682138  0.82565278117993257    0
  88    0  0.9375    4
  89    0.13031946175827375  0.9100024005829056    0
  90    0.05038943863876983  0.91484612272246035    0
  91    0.10898869167795124  0.95389761664409756    0
  92    0.18011543146024264  0.84303320167537033    0
  93    0.13372589518044309  0.86053743013388084    0
  94    0.14460546292491072  0.80944367824961994    0
  95    0.20897685219537751  0.7919487850813538    0
  96    0.21007528710514725  0.91730818548210602    0
  97    0.25903344720301547  0.85392471185067842    0
  98    0.21612490347007624  0.96537134954105008    0
  99    0.375  1    3
 100    0.16807617298469996  0.95920814450929426    0
 101    0.5  0.75    7
 102    0.28451719615951776  0.93235063684093367    0
 103    0.17242705827301522  0.88931427047580458    0
 104    0.21638585770335039  0.87158287266516343    0
 105    0.33670380261146604  0.95037607263089852    0
 106    0.3125  1    3
 107    0.3303084814838258  0.87411788783739586    0
 108    0.28790698427387001  0.88789584596046045    0
 109    0.30131229087597067  0.84057967894255425    0
 110    0.3858747400900116  0.9252647776449836    0
 111    0.375  0.75    7
 112    0.3125  0.75    7
 113    0.4375  0.97093558576308969    0
 114    0.48511639973051607  0.86509764904357622    0
 115    0.44485113880835908  0.9106125993171571    0
 116    0.40572085385242695  0.8354275869001877    0
 117    0.75  1    3
 118    0.40661721454840899  0.88273632148219161    0
 119    0.68717916836714643  0.88931090131828616    0
 120    0.51296013950333563  0.93029790515572475    0
 121    0.625  1    3
 122    0.56154818355603364  0.87100294673045564    0
 123    0.5625  0.9755650830056144    0
 124    0.56484398714123829  0.92325834570257426    0
 125    0.26095543161683515  0.80140268414106075    0
 126    0.34375  0.7998405105783063    0
 127    0.36112260826322579  0.84133922722183274    0
 128    0.46281791546743539  0.80370302481557188    0
 129    0.625  0.75    7
 130    0.41452224002073301  0.7840248961533266    0
 131    0.62243460336543655  0.89339440988682672    0
 132    0.53033386362395696  0.81072539554204037    0
 133    0.61430322818941896  0.82152878253087791    0
 134    0.6875  1    3
 135    0.5625  0.75    7
 136    0.6875  0.75    7
 137    0.72192156557011011  0.94276440769122327    0
 138    0.57497378744820138  0.79548921452182164    0
 139    0.79796193285766992  0.82052840810035022    0
 140    0.61366217709075277  0.94693917520745829    0
 141    0.74737205263785866  0.88820546699508596    0
 142    0.71642995578263424  0.8427107658544809    0
 143    0.88108102882351658  0.91884543470598123    0
 144    0.875  1    3
 145    0.66760667866950474  0.94004940565304718    0
 146    0.66334441384170917  0.84186949561085933    0
 147    0.71875  0.7911176962040295    0
 148    1  0.75    2
 149    1  0.875    2
 150    0.8653861423842224  0.72653864973531435    0
 151    0.75  0.5    6
 152    0.85502786682901821  0.84174630935619521    0
 153    0.65625  0.79089372855260887    0
 154    0.80882685347996774  0.88139711665246523    0
 155    0.8759204698114379  0.78555527104810996    0
 156    0.93209083485153033  0.83841978553944785    0
 157    0.9314871965553726  0.74518825471700811    0
 158    0.83262583429757742  0.92390758279779339    0
 159    0.8125  1    3
 160    0.92294740346921855  0.79186126616610031    0
 161    0.77764995626212374  0.93554491333712031    0
 162    1  0.625    2
 163    0.96996408874537665  0.6875    0
 164    0.87986545789722947  0.60573364059574686    0
 165    0.93706889103506397  0.63322415645475127    0
 166    0.91008442262173717  0.68668514105685086    0
 167    0.94028622628242942  0.55326846390054429    0
 168    0.96398038334923053  0.59426446995006688    0
 169    0.81199257958215532  0.75941489755119251    0
 170    1  0.8125    2
 171    0.89490355124009036  0.87122308375399904    0
 172    1  0.9375    2
 173    0.94322409535735907  0.91106544735823092    0
 174    0.8497817105613158  0.51006418029715062    0
 175    0.88563537391616298  0.55135453755467678    0
 176    1  0.375    2
 177    0.95395103249761348  0.50848296253552228    0
 178    0.9646806589291429  0.4375    0
 179    1  0.25    2
 180    0.87847043617233522  0.47619075859028709    0
 181    0.75  0.375    6
 182    0.75  0.4375    6
 183    0.92660261476467254  0.46804662217890153    0
 184    0.88686621500667451  0.37950651597507656    0
 185    0.94371876683097178  0.38442458970647075    0
 186    0.92267538972988739  0.29661981379863311    0
 187    0.96405825921730826  0.33312598142712013    0
 188    0.90810239317606412  0.51128949776664834    0
 189    0.80091683852411111  0.49485993901292963    0
 190    0.85960287684571168  0.67505958812072497    0
 191    0.817478348280267  0.40625    0
 192    0.81901332483652278  0.64287219598186163    0
 193    0.78202724668461676  0.5625    0
 194    0.81991976113167886  0.3125    0
 195    0.86506128554028372  0.42631969305989947    0
 196    0.79586737193528612  0.44806350415466473    0
 197    0.83561873603747094  0.57354316372947189    0
 198    0.75  0.625    6
 199    0.78937020134772873  0.69956926211270798    0
 200    0.83946790714743602  0.35991585699476975    0
 201    0.87340365407354348  0.31818767121328129    0
 202    0.75  0    1
 203    0.87914156157173085  0.26423138245545558    0
 204    0.96668575294305004  0.1875    0
 205    0.91309708397072376  0.42171952281939973    0
 206    0.9512803590745802  0.25662859680862043    0
 207    1  0.125    2
 208    0.91480535253497419  0.21221924218100613    0
 209    0.80499752891284249  0.22897279868038858    0
 210    0.9375  0.03125    0
 211    0.86200715249403703  0.2142495449304557    0
 212    0.82724543795796213  0.17445764551198509    0
 213    0.92137225027086078  0.15919920432227569    0
 214    0.83227630446740786  0.26719595129928919    0
 215    0.75  0.3125    6
 216    1  0.0625    2
 217    0.875  0    1
 218    0.87018447675705801  0.087756046485884004    0
 219    0.89160191996702887  0.044921160065942246    0
 220    0.9409278350471405  0.096673109968572979    0
 221    0.87024682918294527  0.1417705233718419    0
 222    0.8125  0    1
 223    0.78125  0.083378313728150133    0
 224    0.82036569751302968  0.12077833402593757    0
 225    0.74797292205915444  0.15733698401577395    0
 226    0.763681599667271  0.20334702404082655    0
 227    0.71875  0.050659231937151973    0
 228    0.78125  0.035832942841901257    0
 229    0.54352796319094809  0.074157270947329379    0
 230    0.65416551712638304  0.068743765464336415    0
 231    0.71632127912951971  0.11013209629893844    0
 232    0.6875  0.25    5
 233    0.625  0.25    5
 234    0.5625  0    1
 235    0.625  0    1
 236    0.6875  0    1
 237    0.39188396699518663  0.058962141724737835    0
 238    0.51644429412788906  0.17342135054951524    0
 239    0.62256598039169331  0.10802430877000962    0
 240    0.59789782850406159  0.052057305305977616    0
 241    0.48749778242920094  0.057191806265273315    0
 242    0.50036348718716428  0.11570693269562148    0
 243    0.4333222442695232  0.024517563312597676    0
 244    0.45989659550919781  0.15807959369680957    0
 245    0.375  0.25    5
 246    0.36724270909633705  0.14876378617692596    0
 247    0.34022534933964044  0.094898569269897065    0
 248    0.41558348001431544  0.13339240491325766    0
 249    0.40939979276518479  0.19660629323348078    0
 250    0.46124297831484024  0.21220062883110971    0
 251    0.56494847316668484  0.13332859799208913    0
 252    0.61940985652416025  0.17908712703007112    0
 253    0.66862095229534335  0.14567125115158006    0
 254    0.56557452037919242  0.21900780381305471    0
 255    0.66918234232164153  0.19944218861694632    0
 256    0.3125  0.25    5
 257    0.26472154531221032  0.20454120248060254    0
 258    0.31497537070034703  0.17480203485484638    0
 259    0.35851648251313156  0.20160204124489958    0
 260    0.9375  1    3
 261    0.90625  0.96153649486306891    0
 262    0.95657632323253794  0.95657632323253794    0