0  2  0  1
71  1
   1       2   217       1
   2       3   172       2
   3       4    85       3
   4       1    16       4
   5       5   256       5
   6     215     6       6
   7     136     7       7
   8      68     8       8
   9       9    70       4
  10      10    52       1
  11      11   121       3
  12      12   176       2
  13      13    20       4
  14      19    46       1
  15      20     9       4
  16      14    30       8
  17      16    13       4
  18      39    44       1
  19      44     1       1
  20      46    39       1
  21      52    51       1
  22      51    19       1
  23      53   233       5
  24      30     5       8
  25      35    82       4
  26      64    35       4
  27      34    14       8
  28      70    64       4
  29      68    34       8
  30      82    88       4
  31      86   106       3
  32      88     4       4
  33      85    86       3
  34     101   111       7
  35      99    11       3
  36     106    99       3
  37     111   112       7
  38     117   159       3
  39     121   134       3
  40     112     8       7
  41     129   135       7
  42     135   101       7
  43     134   117       3
  44     136   129       7
  45     148   162       2
  46     149   170       2
  47     144   260       3
  48     151   198       6
  49     159   144       3
  50     162    12       2
  51     170   148       2
  52     172   149       2
  53     179   207       2
  54     176   179       2
  55     181   182       6
  56     182   151       6
  57     198     7       6
  58     207   216       2
  59     202   236       1
  60     215   181       6
  61     216     2       2
  62     217   222       1
  63     222   202       1
  64     235   234       1
  65     233   232       5
  66     236   235       1
  67     234    10       1
  68     245    53       5
  69     232     6       5
  70     256   245       5
  71     260     3       3
1
   1   0.5  0.5