999  2  0  1
   1    0  0    1
   2    1  0    1
   3    1  1    2
   4    0  1    3
   5    0.25  0.25    5
   6    0.75  0.25    5
   7    0.75  0.75    6
   8    0.25  0.75    7
   9    0  0.5    4
  10    0.5  0    1
  11    0.5  1    3
  12    1  0.5    2
  13    0  0.25    4
  14    0.078969006362523866  0.29856996410174369    0
  15    0.125  0.25    0
  16    0.14215809811827956  0.234375    0
  17    0.092909645909734107  0.13727068245587448    0
  18    0.09375  0.21875    0
  19    0.125  0.21875    0
  20    0.25  0    1
  21    0  0.125    4
  22    0.10606932904406513  0.17508696246044492    0
  23    0  0.1875    4
  24    0.19031891300295495  0.21554671165909878    0
  25    0.045831903435758645  0.13585188671420048    0
  26    0.029499561995776625  0.36673567854386691    0
  27    0.069143358972476282  0.14410727408682616    0
  28    0.032625363629326061  0.25768700391609872    0
  29    0.125  0    1
  30    0.10104797389577724  0.24270202610422276    0
  31    0.12981175286042251  0.19229203598164024    0
  32    0  0.34375    4
  33    0.097688784636035031  0.26751484184524754    0
  34    0.25  0.375    8
  35    0.1538997927330564  0.20424791991721791    0
  36    0.083310257687772213  0.16437731011794898    0
  37    0.056333811291911139  0.38151560519408662    0
  38    0.15231172068642218  0.26275818913909904    0
  39    0.10005918887585584  0.32432563704044953    0
  40    0.12635854372262703  0.28270421587572314    0
  41    0.12928433803887571  0.16540526118077176    0
  42    0.088137348156610465  0.19272544436082176    0
  43    0.044645957804679233  0.17631441422639038    0
  44    0  0.21875    4
  45    0.067626919635491251  0.21076638920626806    0
  46    0.065344132030033183  0.26496619174804537    0
  47    0.059435524448257393  0.23756935847695976    0
  48    0  0.375    4
  49    0.18108863225395536  0.25254423770280038    0
  50    0.056456986577181449  0.35218162663345925    0
  51    0.11741752575375516  0.4441841870725115    0
  52    0.17567059381411498  0.18034100528922753    0
  53    0.033853566962486731  0.21509793093601551    0
  54    0  0.3125    4
  55    0.083695853730465827  0.35094291874200895    0
  56    0.10165453703963147  0.29107499266763209    0
  57    0.020510883609626308  0.2360253947156272    0
  58    0.048874453794116555  0.19838446068528795    0
  59    0  0.28125    4
  60    0.071096382375957876  0.32676144644147376    0
  61    0.11050216693667247  0.35593409629098149    0
  62    0.14463335204809166  0.36101045247903879    0
  63    0.042031585235555599  0.3266394014665075    0
  64    0.25  0.5    8
  65    0.028650277090142361  0.296875    0
  66    0.045108684578925209  0.2787488733298058    0
  67    0.053613604494373267  0.30354227752155272    0
  68    0.15284393266947938  0.29030845203509864    0
  69    0.018137794790174723  0.328125    0
  70    0.12269330472362044  0.33437698645116415    0
  71    0.017036664421882428  0.15525654975005176    0
  72    0  0.0625    4
  73    0.032387831019968852  0.01790066203993769    0
  74    0.16807021923770685  0.22964619003129963    0
  75    0.25837148406122951  0.16658126064948769    0
  76    0.21517980607914922  0.2413992654126714    0
  77    0.23142234096293648  0.20089985467452856    0
  78    0.16875834559497918  0.35340023302939899    0
  79    0.21417215544926596  0.21748835195366539    0
  80    0.17466954726122408  0.37799674596456978    0
  81    0.17008185325822228  0.32813802645169926    0
  82    0.13310034604881682  0.30914879973533133    0
  83    0.048958991233160026  0.11278072868151968    0
  84    0.024715918414808895  0.12282395653085504    0
  85    0.15426746634936148  0.12208861338932951    0
  86    0  0.09375    4
  87    0.019580736940824319  0.078125    0
  88    0.18137097023578849  0.12753133924661897    0
  89    0.20408123613975407  0.18917023733525604    0
  90    0.20877963015343715  0.12392737626153547    0
  91    0.22821660648980366  0.17064212030790998    0
  92    0.23925875756091541  0.13864670344771293    0
  93    0.25360749903475038  0.070018904981889618    0
  94    0.5  0.25    5
  95    0.2378980414313914  0.10254828310759598    0
  96    0.2737376072058974  0.13556210387736425    0
  97    0.024396842126488533  0.052008146829266438    0
  98    0.2722368653701126  0.099073594766886902    0
  99    0.25  0.3125    8
 100    0.21523843716651056  0.10220505401882254    0
 101    0.22790079871472385  0.077662316729815481    0
 102    0.04863999668614935  0.054816685583961779    0
 103    0.33379368450604219  0.19316970063126682    0
 104    0.25680510678808632  0.11798340676266354    0
 105    0.33181206478923808  0.11489843336716353    0
 106    0.30830883714102869  0.13809133390743722    0
 107    0.28289164640057324  0.060075324559541066    0
 108    0.14709478969943349  0.33662918522279617    0
 109    0.375  0    1
 110    0.30390970607524187  0.082761823762172879    0
 111    0.34089505400099723  0.14886972222838746    0
 112    0.39217932227618069  0.14923933185600791    0
 113    0.28324377906445275  0.15958680340620504    0
 114    0.29250923226690628  0.1165149259690542    0
 115    0.1214700431512272  0.39947063570695879    0
 116    0.21152452990671705  0.35613093868141837    0
 117    0.12504716040082459  0.37541967346390476    0
 118    0.20449073736233725  0.26641560131296982    0
 119    0.21653983723338327  0.30002972643209752    0
 120    0.18300977281752195  0.28774864360137764    0
 121    0.23331988074076612  0.27504827816597793    0
 122    0.25  0.34375    8
 123    0.19272982043901191  0.31312354653421143    0
 124    0.2165858817709356  0.32830862675546574    0
 125    0.19325516378172175  0.33850441041933793    0
 126    0.06296312341257973  0.035056461047817324    0
 127    0.0625  0    1
 128    0.12928675332124218  0.1288988055902745    0
 129    0.11433543704544917  0.14715104428008471    0
 130    0.15625  0    1
 131    0.16075864014118246  0.14715411565861264    0
 132    0  0.03125    4
 133    0.15325083048951613  0.17047127858569036    0
 134    0.19302094834576622  0.15260126540758345    0
 135    0.21713270604759649  0.14891375820076128    0
 136    0.09375  0.017118452566690381    0
 137    0.19115459900967446  0.10530674962177271    0
 138    0.1883933887780192  0.063391875894057675    0
 139    0.16749722822702831  0.099831296797536717    0
 140    0.067934102588004558  0.069761782117213941    0
 141    0.13431166766564748  0.054081498902063867    0
 142    0.12037440551505918  0.028638811222841572    0
 143    0.16875254333050482  0.04744566704722282    0
 144    0.09982642712145734  0.056433491830114771    0
 145    0.11948380631213565  0.090663019409301632    0
 146    0.085592449415903077  0.038506359504879156    0
 147    0.092391115187106576  0.083462649665389244    0
 148    0.099762262950291405  0.11029813113508564    0
 149    0.069274916989599936  0.096047512013035533    0
 150    0.045511105541875999  0.084082623446943394    0
 151    0.3125  0    1
 152    0.34117786680823331  0.078585342743219863    0
 153    0.31168700000420541  0.10419055606431901    0
 154    0.40511569530860964  0.18416747513278398    0
 155    0.25849512829073201  0.041068852433574804    0
 156    0.28974418928734463  0.026118669077257933    0
 157    0.2666449436697339  0.01797001734515553    0
 158    0.32993527870324074  0.038162733205268584    0
 159    0.30974657368973457  0.056274807596879625    0
 160    0.31256916963016068  0.023032563681185569    0
 161    0.29804439125529497  0.19094022907191557    0
 162    0.090529314103367731  0.38458937948045602    0
 163    0.092828497700454732  0.41941519161950169    0
 164    0.060576937613114529  0.4760220990973964    0
 165    0.084571515647495613  0.45220186167461435    0
 166    0.11541399636021384  0.50726529491913808    0
 167    0  0.40625    4
 168    0.18165402609200912  0.41230377662917428    0
 169    0.092338512870269729  0.48402092168081839    0
 170    0.06668311549739421  0.43026380145839449    0
 171    0.07105217626795908  0.40386356091801467    0
 172    0.12370712745985782  0.47595632327784104    0
 173    0  0.4375    4
 174    0.18737681529025285  0.44684368081769604    0
 175    0.069820888827532582  0.50637493641391307    0
 176    0.1520810048251087  0.4538308279294036    0
 177    0  0.75    4
 178    0.15085995195573132  0.39564603681702615    0
 179    0.14175068713999445  0.42384914995587519    0
 180    0.18230561174018822  0.51386888921184348    0
 181    0.14993686748682566  0.49965689529248275    0
 182    0.035170083793873472  0.50034379242469318    0
 183    0.16621868764328165  0.43260524686772051    0
 184    0.20635512840446293  0.38941045243983813    0
 185    0.14698802658947513  0.47655572889889813    0
 186    0.14433741548055531  0.55637697428882749    0
 187    0  0.625    4
 188    0.017892195270542907  0.46875    0
 189    0.22593410262884536  0.37541046438237485    0
 190    0.25  0.4375    8
 191    0.23434245511286569  0.40786012529162458    0
 192    0.13788594879959304  0.52710364957751743    0
 193    0.25  0.625    8
 194    0.096242189448464022  0.551628974732713    0
 195    0.11306392468372409  0.53257410649065717    0
 196    0.087114316287034768  0.52661825046255506    0
 197    0.16486842258782025  0.53650462992716896    0
 198    0.034099301450190231  0.55956256254494496    0
 199    0.095951148212634799  0.69942527269952082    0
 200    0.057400505238757685  0.53449376121347014    0
 201    0.1828734266131164  0.57564832697098467    0
 202    0.25  0.5625    8
 203    0.068186798596012566  0.56263395254409188    0
 204    0.11186035105104873  0.63270872697819647    0
 205    0.046876307376038401  0.60779293938249224    0
 206    0.096526771349737167  0.59361827363419195    0
 207    0  0.5625    4
 208    0.033856447507430679  0.43886257298655307    0
 209    0.21770828198040973  0.43560284562639862    0
 210    0.023257966618831023  0.61590559535609923    0
 211    0.049319374695956555  0.58133812533279106    0
 212    0.070540300353110097  0.59663806398962449    0
 213    0.073914762580059454  0.63447453816794075    0
 214    0.017102902961493374  0.59170319054906018    0
 215    0.014484183183272444  0.53125    0
 216    0.05482901249437782  0.45196850629307478    0
 217    0.23196245868650636  0.46875    0
 218    0.20614294106629608  0.4139539878455194    0
 219    0  0.6875    4
 220    0.049345748281521155  0.64910492984297508    0
 221    0.078011117058557192  0.66929833613275114    0
 222    0.21464527466917871  0.49957614785484528    0
 223    0.093642136099358925  0.64980681749107705    0
 224    0.13241554930958635  0.67286543613456173    0
 225    0.046079573270129293  0.70871792332124195    0
 226    0.23194545423581597  0.53125    0
 227    0.18689125214884772  0.48051139327098707    0
 228    0.049716468154777961  0.67902121448583397    0
 229    0.069609856750284679  0.69652857283087444    0
 230    0.026214636344050701  0.69121404939366926    0
 231    0.077992536740021406  0.74151653916525995    0
 232    0.016590658227064563  0.7221603634089534    0
 233    0.21502487386700214  0.56186625452802597    0
 234    0.19409376070583279  0.54098389961166382    0
 235    0.20664203168497666  0.46395888567436089    0
 236    0.043824405648999608  0.74283711623446258    0
 237    0.23194044864145777  0.59375    0
 238    0.2096167181715155  0.52288431663591972    0
 239    0.37203071855418218  0.89126818827396592    0
 240    0.18764876005032871  0.64018977512012687    0
 241    0.20665570251134999  0.58673548741660431    0
 242    0.21144637293261537  0.61854525306686148    0
 243    0.084471623277599842  0.82223950374281807    0
 244    0.18036887422470776  0.60828101964331505    0
 245    0.061640267602541939  0.76111106197113654    0
 246    0.15019876812297708  0.63194905756390429    0
 247    0.15177278259149696  0.58967381727259283    0
 248    0.1232163181231844  0.57857203138112656    0
 249    0.12825532846017729  0.60788842605789295    0
 250    0.1875  0    1
 251    0.14434293604362861  0.090783119711758536    0
 252    0.15925924273346245  0.070896074938221559    0
 253    0.28125  0.2383528631076105    0
 254    0.39668545326977339  0.1122661020340714    0
 255    0.34375  0    1
 256    0.37617542787307429  0.047076868825581257    0
 257    0.359375  0.023943237797862626    0
 258    0.25733773013094002  0.19350987903996761    0
 259    0.25241762998020567  0.22159241153756845    0
 260    0.0400968599324854  0.40822999821888323    0
 261    0.092156647258769056  0.6178850873816234    0
 262    0.036635554613526959  0.52370041608497186    0
 263    0.16323187463748534  0.66193624316485022    0
 264    0.17318416324079355  0.73890803317076337    0
 265    0.25  0.6875    8
 266    0.20410346302964053  0.68324592465506107    0
 267    0.15991518990651055  0.70149438330936154    0
 268    0.18770953423670983  0.66483885827627831    0
 269    0.25  0.65625    8
 270    0.21800245005092858  0.65436302232011989    0
 271    0.22783873564010856  0.67688210097616941    0
 272    0.22869324506410632  0.63389728526905398    0
 273    0.13134158542976548  0.64807597471455558    0
 274    0.21937353492781805  0.039446934248943244    0
 275    0.171875  0.021252735578588998    0
 276    0.19801731707742501  0.024102439647229905    0
 277    0.14693927678870622  0.030625521196181522    0
 278    0.21875  0    1
 279    0.27990316402930759  0.21027402187592695    0
 280    0.3646763966821665  0.12412132987003638    0
 281    0.35340945032719673  0.10110443915246647    0
 282    0.3125  0.25    5
 283    0.375  0.25    5
 284    0.31326577255499716  0.16923287500048564    0
 285    0.30748258113632443  0.21571562495619928    0
 286    0.27702614840233764  0.18169196214276062    0
 287    0.36653249911304159  0.14970514116626329    0
 288    0.3508375863021892  0.054123987245374816    0
 289    0.020848116832049474  0.39104557431536874    0
 290    0.19005943639374256  0.71186333216264708    0
 291    0.2116407700763846  0.74411683161676456    0
 292    0.12683899672524404  0.73428483691426938    0
 293    0.21149283840287553  0.061264473859739321    0
 294    0.23962665012501677  0.023558775156936686    0
 295    0.47063778775813747  0.14004028842326965    0
 296    0.25  0.71875    8
 297    0.22073558281493752  0.70916292225108979    0
 298    0.375  1    3
 299    0.12914265984893597  0.70353113624465413    0
 300    0.15110052284827136  0.72568034244853219    0
 301    0.43252434978710597  0.15415640239000999    0
 302    0.20579264012098919  0.80948667539002961    0
 303    0.41108442045310362  0.16209713148791155    0
 304    0.41460490152843971  0.13321125221204069    0
 305    0.44881515618506607  0.085804962415371597    0
 306    0.42595989944335538  0.1053585863875883    0
 307    0.40320162993644876  0.074394885247870024    0
 308    0.4541448026296917  0.11516851795057366    0
 309    0.53264470602758585  0.11078257978027815    0
 310    0.49132034340563741  0.10842095332114632    0
 311    0.4375  0.25    5
 312    0.1110621541045495  0.80116150727303803    0
 313    0.296875  0.77933150979981536    0
 314    0.25  1    3
 315    0.265625  0.76731715496528374    0
 316    0.16457386948754985  0.76219962273811315    0
 317    0.37940341477445289  0.089796329530874797    0
 318    0.4375  0    1
 319    0.48628189357485119  0.06663959856066784    0
 320    0.45987686379113829  0.16949695097213713    0
 321    0.54903764603271876  0.17679849584395513    0
 322    0.49981678591731216  0.1673936658080325    0
 323    0.070371070379783227  0.78930339486694145    0
 324    0.38562038610679678  0.83961204968617331    0
 325    0.31800598908560818  0.80000320742734199    0
 326    0.14181773793345945  0.83113078487428793    0
 327    0.37178879420343414  0.81510330631366767    0
 328    0.063500199373768579  0.83294637811061667    0
 329    0.16202792450646752  0.8141365722031555    0
 330    0.5  0.75    7
 331    0.073495480885978459  0.87231772546509934    0
 332    0.125  1    3
 333    0.29224308805024418  0.83954384743137422    0
 334    0  0.9375    4
 335    0.16619453499248005  0.84128099032889825    0
 336    0.30751482302391442  0.87191179528840734    0
 337    0.34318674486655465  0.81454920807493869    0
 338    0.29117592215991905  0.81241228842889179    0
 339    0.375  0.75    7
 340    0.3125  0.75    7
 341    0.28125  0.75    7
 342    0.34375  0.78547448812453846    0
 343    0.31935924552757089  0.83813873512003478    0
 344    0.140880467207321  0.7547659126624503    0
 345    0.41566483069987303  0.035037057242434666    0
 346    0.49929571921879318  0.086264722931243959    0
 347    0.625  0    1
 348    0.50074723338846017  0.13716119734979815    0
 349    0.50602336535152892  0.20868327039614587    0
 350    0.32146567010516269  0.77360354602223225    0
 351    0  0.875    4
 352    0.17819329184575675  0.79193609975067958    0
 353    0.265625  0.79064148734783324    0
 354    0.35747926933486829  0.83987469604382503    0
 355    0.11575600054695932  0.8353782252828843    0
 356    0.093742553193450151  0.77128095490079263    0
 357    0.265625  0.83418308950995035    0
 358    0.056672362314042317  0.8554812049430518    0
 359    0.14548749055720916  0.79221411515341944    0
 360    0  0.8125    4
 361    0.19341631697637962  0.76697678215044873    0
 362    0.10375321090451996  0.74693444122223429    0
 363    0.11969534364558762  0.767720753332094    0
 364    0  0.78125    4
 365    0.39670256319595942  0.80104313683693162    0
 366    0.40998906489076153  0.853688943185964    0
 367    0.34375  0.75    7
 368    0.089310968554878592  0.85453132359261208    0
 369    0.14048233396604384  0.86868473646904143    0
 370    0.1078820380307543  0.88696921605212242    0
 371    0.34093524872202308  0.87771539050934844    0
 372    0.13188092943710042  0.81056240715764794    0
 373    0.37177234206448523  0.86358456443584475    0
 374    0.3125  1    3
 375    0.34374052187847959  0.9137280284410032    0
 376    0.39173662254496183  0.94513650232754109    0
 377    0.30050350577874374  0.91458515534148876    0
 378    0.36037749375940986  0.94068091960692812    0
 379    0.32055175376884576  0.89596645538419906    0
 380    0.32231899874940517  0.92409332376482078    0
 381    0.37944040863365075  0.91909613018311664    0
 382    0.41344605223793762  0.89514106332178178    0
 383    0.37232175458396261  0.96919839583990808    0
 384    0.29411099716843714  0.9590328563072914    0
 385    0.33409533122970503  0.96844904699977408    0
 386    0.39908555072659913  0.05143923533972046    0
 387    0.40625  0    1
 388    0.45731379593157745  0.036670390981794275    0
 389    0.43067545854673717  0.061442616705330237    0
 390    0.75  0    1
 391    0.51418371953396669  0.18634533731823591    0
 392    0.46875  0.25    5
 393    0.4810517331213528  0.19132567819421703    0
 394    0.02314413393688616  0.75395583647718423    0
 395    0  0.84375    4
 396    0.033858204088482717  0.796875    0
 397    0.028632485138339259  0.86369030139230885    0
 398    0.022540301262419918  0.77690345178814568    0
 399    0.030429066133050083  0.83058358058355641    0
 400    0.22974001376078296  0.78111347361841144    0
 401    0.2406371087651607  0.81241228842889179    0
 402    0.20688147140338226  0.78611310629844955    0
 403    0.22906261763291241  0.75851934972343138    0
 404    0.21887706417472824  0.86261342101282101    0
 405    0.22129261482598475  0.83384386816763312    0
 406    0.24333509886558302  0.85018078404313302    0
 407    0.19489784893044337  0.84611389321394626    0
 408    0.25289802051096988  0.89926717113191068    0
 409    0.18164663925489566  0.89104682758352627    0
 410    0.24111542464602995  0.87608792612414332    0
 411    0.27430269931243539  0.87380231401676201    0
 412    0.21633655932768517  0.90326796749520699    0
 413    0.17692023473260193  0.86523252971775411    0
 414    0.29195677296849776  0.89126824362488555    0
 415    0.20429319482325717  0.8821087255994926    0
 416    0.23987337694561811  0.94930056183241773    0
 417    0.23686467070132647  0.92180536173381977    0
 418    0.26982865122965483  0.92828342657250329    0
 419    0.1875  1    3
 420    0.20726063030882708  0.93395355605525998    0
 421    0.27463207558315811  0.90603315126047235    0
 422    0.2916697990536426  0.9359982223113702    0
 423    0.26671642599372092  0.95570351252997221    0
 424    0.27706626332197454  0.98491172324223641    0
 425    0.24816565794849171  0.97400533182177784    0
 426    0.21875  1    3
 427    0.203125  0.96869554722539841    0
 428    0.15625  0.96485049739788542    0
 429    0.22493683658363339  0.97736028094850091    0
 430    0.18118908613868567  0.94846718665062069    0
 431    0.14428311541393909  0.91946109953977873    0
 432    0.18228594866100026  0.9197639244447342    0
 433    0.1578743453532149  0.94015001031093481    0
 434    0.12022031115882637  0.95007747140686027    0
 435    0.17891715004325523  0.97616435814402236    0
 436    0.15625  1    3
 437    0  0.90625    4
 438    0.11512488584680675  0.86167827134530106    0
 439    0.33774629639042214  0.85378428951520258    0
 440    0.39532032191182875  0.87578248553103233    0
 441    0.52338371983701404  0.86510236724484602    0
 442    0.34375  1    3
 443    0.31122527005387401  0.97596146466697364    0
 444    0.31755097566181262  0.94910037673223413    0
 445    0.39046569627690364  0.023166956963796167    0
 446    0.43695485705830062  0.023982656564117896    0
 447    0.46875  0    1
 448    0.49118355220879023  0.032916859470885879    0
 449    0.4605453378963773  0.06253161593322154    0
 450    0.49210890725525441  0.22775217251956328    0
 451    0.44210709367455758  0.20791910739736402    0
 452    0.46513276727464831  0.22281546739053931    0
 453    0.43521627691018749  0.18141196303703319    0
 454    0.055480698546946358  0.80932149487677751    0
 455    0.18512812632699091  0.82327394200391923    0
 456    0.13366021924371688  0.89472582685558522    0
 457    0.13137309380977755  0.9741997533991299    0
 458    0.081286541295231565  0.94296369064200891    0
 459    0.11207318584036503  0.91891005962520378    0
 460    0.051794807335162452  0.921875    0
 461    0.023540597671372239  0.921875    0
 462    0.025905263714994527  0.89276678663534237    0
 463    0.03125  0.984375    0
 464    0.023540597671372232  0.94742061163921332    0
 465    0  0.96875    4
 466    0.081260876099556595  0.90670773132131821    0
 467    0.0625  1    3
 468    0.09375  1    3
 469    0.062982822433386376  0.9685469341175994    0
 470    0.040485463672950139  0.96316694348484777    0
 471    0.46562718467765202  0.86991909581285287    0
 472    0.40625  0.25    5
 473    0.054403383921681377  0.89348737194317041    0
 474    0.092572185602053839  0.97037747406976005    0
 475    0.43468820778135797  0.87249931731454256    0
 476    0.42962369717614207  0.22784504499696231    0
 477    0.390625  0.21734318663462945    0
 478    0.35565067220665786  0.22067572766065482    0
 479    0.41409669821178868  0.20784277803268819    0
 480    0.34375  0.25    5
 481    0.36929421015881431  0.1873971535729351    0
 482    0.3305996361838473  0.2275862249821744    0
 483    0.34870777592803831  0.17284128679908173    0
 484    0.38591012773742839  0.17142096066534362    0
 485    0.10542539856626912  0.67412143220988607    0
 486    0.50297873656557168  0.0518489118193666    0
 487    0.5625  0    1
 488    0.53125  0    1
 489    0.546875  0.042151810153559552    0
 490    0.546875  0.018179936622393204    0
 491    0.53049334800335335  0.072198370519355459    0
 492    0.59512437420926023  0.087946789564773031    0
 493    0.5649048220604389  0.071470820909137797    0
 494    0.60114870989785119  0.040945476300747234    0
 495    0.57375885177995822  0.030165873387976376    0
 496    0.59375  0    1
 497    0.56605713995002516  0.10530900782880918    0
 498    0.58897608888670594  0.063272003081819184    0
 499    0.609375  0.018317814186867693    0
 500    0.69803766901523656  0.040227199672020035    0
 501    0.63468975394131855  0.040330162527202236    0
 502    0.62025442430426125  0.06858167900230884    0
 503    0.54650245350996696  0.090657825018231469    0
 504    0.61074507967688918  0.15204996799060497    0
 505    0.55533601921053521  0.14458073548450368    0
 506    0.625  0.25    5
 507    0.55171775037610171  0.12249366521009468    0
 508    0.58949361461832661  0.11153275945352736    0
 509    0.52638819156790195  0.15303600860645689    0
 510    0.58556058125882771  0.13942750440777196    0
 511    0.62569747831521472  0.17588282141725003    0
 512    0.37395397258452001  0.78058007611855784    0
 513    0.66344523036240455  0.11551171423948363    0
 514    0.62807744355847295  0.10472174264573078    0
 515    0.6507973903599148  0.080886961805760979    0
 516    0.5625  0.25    5
 517    0.63645473849923173  0.14062225733911884    0
 518    0.6773027202642623  0.15746753642728473    0
 519    0.58726252142099833  0.16754669620187726    0
 520    0.71228225372086984  0.13047210568442472    0
 521    0.65062244241444145  0.16421571682745714    0
 522    0.53786728822088758  0.20441373988353045    0
 523    0.65148533788449692  0.19851687680772223    0
 524    0.6607448335727909  0.13967001192754613    0
 525    0.6875  0.25    5
 526    0.61607458928156489  0.21285413649562501    0
 527    0.53125  0.23345836233952638    0
 528    0.71445402306422801  0.16912604750371851    0
 529    0.61187445533089535  0.12562575459358563    0
 530    0.69987622937049887  0.1505571186725341    0
 531    0.88833711091731082  0.096591387887689381    0
 532    0.68683722746204756  0.19210752806309453    0
 533    0.72674021381493381  0.21197459854307651    0
 534    0.67385589692229342  0.22120617250213356    0
 535    0.71116294839361693  0.1932554322965872    0
 536    0.71875  0.25    5
 537    0.65625  0.25    5
 538    0.70186446050576679  0.22556374868070422    0
 539    0.59375  0.2378635213047339    0
 540    0.56790968656519691  0.21762853441573921    0
 541    0.60259899162282249  0.18960873002037415    0
 542    0.76363865638911566  0.14697463063277552    0
 543    0.64175377667942934  0.22537955538272764    0
 544    0.57262748233078209  0.19067148384148058    0
 545    0.73478818000866952  0.14859559287350246    0
 546    0.7511851198968349  0.18287817674659496    0
 547    0.83081610342477941  0.046139819337099867    0
 548    0.85316448877020168  0.058233218882424408    0
 549    0.90625  0    1
 550    0.84943537290806459  0.15937725750695558    0
 551    0.79949631082265171  0.13320480401766951    0
 552    0.91386586944792492  0.068989183458726705    0
 553    0.81127103064171169  0.15801249610720119    0
 554    0.91146487817615318  0.10651030340956937    0
 555    0.86354139601969759  0.10088685366285903    0
 556    0.81272226678158943  0.10913948244079011    0
 557    1  0.25    2
 558    0.84271665826258768  0.12057120800569363    0
 559    0.875  0    1
 560    0.78086062409699186  0.11303609573256999    0
 561    0.74447927405380299  0.11352531116782591    0
 562    0.70674343764523662  0.08089020072073938    0
 563    0.76238385875713832  0.092005103249428927    0
 564    0.7344575063699682  0.08697899053451226    0
 565    0.71598150545298667  0.10495853641833887    0
 566    0.69052849593690213  0.11429303007591873    0
 567    0.6875  0    1
 568    0.75607131184208698  0.060325672940124399    0
 569    0.67877063455567788  0.077078949221551937    0
 570    0.8140565130639541  0.065239996588834365    0
 571    0.79153647210608968  0.08502496453820263    0
 572    0.8125  0    1
 573    0.83797878400680914  0.087937090127365364    0
 574    0.78566946280745664  0.055637811021248776    0
 575    0.76625363305853622  0.028832549426220253    0
 576    0.80924040663869445  0.032716334383285958    0
 577    0.78125  0    1
 578    0.84375  0.019634046626231628    0
 579    0.78853047579116997  0.022102941400752932    0
 580    0.68296295067258295  0.13558000711929299    0
 581    0.9375  0    1
 582    0.86621767890337387  0.020707988369944495    0
 583    0.87435784903529268  0.07566631343756311    0
 584    0.83270664714771747  0.2605469150380923    0
 585    0.76182936490613207  0.21663748824515383    0
 586    0.86711906409115369  0.12552955949892664    0
 587    0.77040370152505899  0.2384561239156201    0
 588    0.78910519538930035  0.18947976155776636    0
 589    0.79249885871654868  0.24629041645921174    0
 590    1  0.125    2
 591    0.953125  0.019166888338681708    0
 592    0.89171519058622128  0.038609146799461064    0
 593    0.953125  0.043895621294243604    0
 594    1  0.0625    2
 595    0.96875  0    1
 596    0.92325694045233708  0.031531254816462656    0
 597    0.83092887288465034  0.14259674473082615    0
 598    0.77290924185175891  0.17030182981985892    0
 599    0.79026168432358768  0.21791736713145518    0
 600    0.83299606485018163  0.20193714419303024    0
 601    0.75  0.5    6
 602    0.91285907841506564  0.17096963890403385    0
 603    0.89227605897471518  0.061465471594491748    0
 604    0.95524807518401755  0.090474627298396504    0
 605    0.81443561385589891  0.18378220129905615    0
 606    0.82048758306204406  0.23118097674492905    0
 607    0.75  0.375    6
 608    0.88294441352457476  0.15534075638317366    0
 609    0.89517678003959178  0.12974111173818781    0
 610    0.87838138619968242  0.20051839493465054    0
 611    0.86852008730856134  0.17670312852135667    0
 612    0.85833640499736563  0.23265733851672335    0
 613    0.9298240767414091  0.088847735605552203    0
 614    0.85767414385457497  0.34249269932707144    0
 615    0.85592649091517736  0.20883380606277555    0
 616    0.92766848538438818  0.25357911409941569    0
 617    0.75  0.3125    6
 618    0.80496319691953189  0.27496460496810177    0
 619    0.75  0.28125    6
 620    0.83758552564563948  0.30383688260898645    0
 621    0.78575897958464691  0.30585289768115009    0
 622    0.82682446989792502  0.28312976406303703    0
 623    0.80402686424672476  0.359375    0
 624    0.77658360725254871  0.2702547383566084    0
 625    0.75  0.34375    6
 626    0.89583674132880597  0.23372573249707143    0
 627    0.89398876434352648  0.29907302635808808    0
 628    0.7747539948193104  0.359375    0
 629    0.77501748956477323  0.33153672865143508    0
 630    0.78703368684322772  0.40625    0
 631    0.75  0.4375    6
 632    0.77346764238547594  0.38475791716955376    0
 633    0.75  0.40625    6
 634    0.91151677379790086  0.2042922111049644    0
 635    0.9869308797233155  0.09137577292666392    0
 636    1  0.1875    2
 637    0.95198371445618313  0.14016421568538631    0
 638    0.93802778700103495  0.115747945563429    0
 639    1  0.15625    2
 640    0.93793794025301103  0.16257325106855386    0
 641    0.93501599749458875  0.21309523875584638    0
 642    0.86678021556222273  0.31321273921095588    0
 643    0.86518284050163907  0.2768908870082194    0
 644    0.85547289983538422  0.25574716702631872    0
 645    0.89617801604294589  0.26643516020974073    0
 646    0.87866905661613448  0.25026134621383761    0
 647    0.82569845664530706  0.3345620687634045    0
 648    0.80070757774810164  0.32719276746913356    0
 649    0.96724218329092693  0.11621460139565483    0
 650    0.96973138918849089  0.16689469031601464    0
 651    0.978531915252705  0.140625    0
 652    0.9681062412076713  0.20181650302323012    0
 653    0.94504197347019514  0.18832960256343095    0
 654    1  0.21875    2
 655    0.96229764450046651  0.23895534407923172    0
 656    0.9776551569163614  0.2223336337150261    0
 657    0.91952399029875831  0.23119225471149155    0
 658    0.95423460903905633  0.26817493087548389    0
 659    1  0.375    2
 660    0.91888545641765162  0.35679164982370931    0
 661    1  0.3125    2
 662    0.92989704936149409  0.29490441695747843    0
 663    0.89126055063287124  0.33688210170343397    0
 664    0.91797256265597649  0.27482473119720724    0
 665    0.96521974607729177  0.30262162932838471    0
 666    0.91456328708107537  0.31956060380366147    0
 667    0.98443679895854275  0.27751832093495915    0
 668    0.96090650348499174  0.359375    0
 669    1  0.34375    2
 670    0.87626545129294076  0.40107350601850505    0
 671    0.94129518610978868  0.33532368962064624    0
 672    0.94453690965664772  0.31259277167662647    0
 673    0.97252140234908013  0.33171714149637965    0
 674    0.93754359965395373  0.39634739151157294    0
 675    0.93907441454915552  0.37144699459557173    0
 676    1  0.4375    2
 677    0.87918151679657974  0.36790757006671909    0
 678    0.90592653205501961  0.38697024901834781    0
 679    0.83961748613775189  0.38114012495190652    0
 680    0.82868277821779546  0.35903901313306735    0
 681    0.85635387817815045  0.36541773502934655    0
 682    0.97075065059102594  0.3914632506752963    0
 683    1  0.40625    2
 684    0.959583690981473  0.43086828458152815    0
 685    0.95631692688925507  0.40865770441071253    0
 686    0.98181159273387053  0.421875    0
 687    0.83352535841028019  0.43599637820894704    0
 688    0.81076649825584413  0.38833595249034597    0
 689    0.83098071375643234  0.40794736866637521    0
 690    0.85594730095375249  0.41982229719904929    0
 691    0.90487529205981265  0.45246195226938113    0
 692    0.86612416137378911  0.45755904287296068    0
 693    0.88435746099408408  0.43022668535467223    0
 694    0.91615978842385359  0.42146490438558221    0
 695    0.93370567395703297  0.445405084177387    0
 696    0.96638258588001624  0.47327356558376277    0
 697    0.81539166493478688  0.49883424879470867    0
 698    1  0.46875    2
 699    0.83429608170017533  0.47025423018952001    0
 700    0.87048287526118573  0.51473241835297523    0
 701    0.78935356146639291  0.46106896973687456    0
 702    0.84542620479425856  0.49815854036488338    0
 703    0.87154540434144168  0.48589857967049987    0
 704    0.75  0.625    6
 705    0.92130442824708603  0.50216869984692736    0
 706    0.83089555648210944  0.5201262214766863    0
 707    0.89409280588582263  0.50116594955765159    0
 708    0.92525348709906419  0.473294988913606    0
 709    0.75  0.5625    6
 710    0.89483620814204379  0.47578497419113153    0
 711    0.9207851156816842  0.52798900012427663    0
 712    1  0.75    2
 713    1  0.625    2
 714    0.80997562034400239  0.47470954852613856    0
 715    0.97723174245276589  0.4497864275175526    0
 716    1  0.5625    2
 717    0.78274295983050679  0.50206068738401699    0
 718    0.76778193922203886  0.478619078022679    0
 719    0.76446959734796061  0.53125    0
 720    0.79881244316809819  0.53243513913303231    0
 721    0.82805464865217326  0.56068808507931478    0
 722    0.82001964614198297  0.53974490362258498    0
 723    0.94660155550668768  0.52730414487311938    0
 724    0.94635779937576703  0.49164358083941623    0
 725    0.97613454030300195  0.49551300518825159    0
 726    0.90594967888856925  0.54912823868933747    0
 727    0.89314647118183454  0.52684662286952888    0
 728    0.86724562382532844  0.55654869651622962    0
 729    0.78925918866428446  0.57158241961320944    0
 730    0.77264429684918723  0.55401001548574014    0
 731    0.85300320898538007  0.53441265819116146    0
 732    0.90464541994901426  0.64697306760339901    0
 733    0.76345064748808089  0.59375    0
 734    0.82426512580155409  0.63844553020449202    0
 735    0.78868784144058002  0.62313232986776645    0
 736    0.78897351505243229  0.597357374740488    0
 737    0.89524016444578913  0.59791658950289139    0
 738    0.84916254508287503  0.57293760160835472    0
 739    0.89012250768486556  0.57122361803262456    0
 740    0.8517259441799403  0.59720739625094743    0
 741    0.75  0.6875    6
 742    0.84179566034490039  0.69713832205268855    0
 743    0.87299330579724699  0.62761166512781408    0
 744    0.87336655080365544  0.60471033974511523    0
 745    0.89763031201735244  0.62288818420731484    0
 746    0.94919869488648023  0.60535215080555371    0
 747    0.92784585829164101  0.62715149550224747    0
 748    0.92238351577989242  0.6004436267518487    0
 749    1  0.6875    2
 750    0.94245201836771675  0.56650944001485759    0
 751    0.87001299482148853  0.6680371075640481    0
 752    0.84650985747205565  0.62349622179481723    0
 753    0.81929028288506933  0.60701805627625738    0
 754    0.8487158576683399  0.65080362798073266    0
 755    0.88190778105880663  0.64859145365187787    0
 756    0.75  0.65625    6
 757    0.87006269792735724  0.5821216691114548    0
 758    0.97421676199892149  0.6161652849440592    0
 759    1  0.59375    2
 760    0.97217495116352193  0.578125    0
 761    0.97250033818988879  0.54611648326548601    0
 762    1  0.53125    2
 763    0.97125682088929488  0.52059493906478072    0
 764    0.94890189738374853  0.67528525914890281    0
 765    0.93106986539599179  0.65441350606370419    0
 766    1  0.65625    2
 767    0.90753608785756312  0.69257325198623365    0
 768    0.95427311447305097  0.63534148827817949    0
 769    0.97919257457642639  0.64129923712826531    0
 770    0.97672608950564854  0.671875    0
 771    0.91676975229110136  0.57422237834510459    0
 772    0.81306906313029614  0.58184719636581828    0
 773    0.79301277125148117  0.671875    0
 774    0.7686683840520615  0.671875    0
 775    0.78084057765177128  0.70538282585171586    0
 776    0.75  0.71875    6
 777    0.81078169814406542  0.69729458905760755    0
 778    0.82376344426657466  0.66929976854488937    0
 779    0.80197935037405055  0.76706985494146152    0
 780    0.80616743606466124  0.73967576151945436    0
 781    0.82640568048901675  0.72043743030475982    0
 782    0.87762994871991917  0.73754068117778082    0
 783    0.85430644945604639  0.72213459009668513    0
 784    0.8808748224392533  0.70727028763636302    0
 785    0.84982403815308605  0.75427850929550611    0
 786    0.78638047767478547  0.78997512915238688    0
 787    0.82593503972488669  0.75313782838780496    0
 788    0.83578224220585584  0.79763133615598858    0
 789    0.75  1    3
 790    0.8952103638609038  0.67046288495171402    0
 791    0.7996169226976213  0.64672580437973493    0
 792    0.77346904076255762  0.64451010266354181    0
 793    0.77395009406464432  0.76474564819097746    0
 794    0.7763164077424668  0.73522310017330494    0
 795    0.86430845146461899  0.69073658346254108    0
 796    0.92483833458038667  0.75442001429106642    0
 797    0.75024496287624198  0.77642499564371636    0
 798    0.79845224150647354  0.82299547618613678    0
 799    0.81160993075524712  0.79039262333749738    0
 800    0.625  0.75    7
 801    0.79787053380365502  0.85814846206764916    0
 802    0.71875  0.76350332448429348    0
 803    0.90239136188542901  0.76793201814465084    0
 804    0.73587005259408367  0.83954117903850745    0
 805    0.83812598746960998  0.8412332988822242    0
 806    0.89126057751029597  0.79165008025987749    0
 807    0.8762219074219092  0.76666691562342404    0
 808    0.6875  0.75    7
 809    0.86318621377698024  0.79153164200131054    0
 810    0.93584197898675403  0.79810109428364706    0
 811    0.87706263603549095  0.82969699142461495    0
 812    0.81427860314350087  0.8408386750172322    0
 813    0.72096366722886507  0.80295114532586398    0
 814    0.76341230438163521  0.81708876798979146    0
 815    0.76673757801131859  0.8492870347914    0
 816    0.74002394246729053  0.81651756185069391    0
 817    0.76411374778960017  0.7943978880361765    0
 818    0.76200150086825014  0.92504695181893359    0
 819    0.77263624520534846  0.88768378051614716    0
 820    0.85259494164448035  0.81859157294116891    0
 821    1  0.875    2
 822    0.78906625983966661  0.93715771097967948    0
 823    0.6306785040601447  0.8610637149268654    0
 824    0.71701855350910004  0.8920482988630436    0
 825    0.74270950806637825  0.87163439457229819    0
 826    0.74652471113345509  0.9004466877514552    0
 827    0.90987671239225121  0.8202696253387427    0
 828    1  0.8125    2
 829    0.93715776180974319  0.82593262130175016    0
 830    0.96506973291604681  0.77024749479703103    0
 831    0.91524314459924894  0.86296093037283994    0
 832    0.89874682650499071  0.84335162850945611    0
 833    0.85456968488586194  0.88990952889291519    0
 834    0.87396783575666959  0.85865673977765988    0
 835    0.68125994550230562  0.84045738085277144    0
 836    0.96673445270029124  0.81058746643995672    0
 837    0.98151559392379328  0.84375    0
 838    0.98462626086337723  0.7896447856527925    0
 839    0.9560716903435168  0.87989186655797547    0
 840    0.97693402916500216  0.86755177239875159    0
 841    0.95289239783888946  0.85071177884726112    0
 842    0.83100731086100366  0.90781467773701374    0
 843    0.82999382686918111  0.87823845967224157    0
 844    0.70838727402265211  0.82940599959335926    0
 845    0.71243308794625526  0.86076432765378541    0
 846    0.94047996827479652  0.77370624747955796    0
 847    0.96066591365752108  0.72239619790039555    0
 848    0.9655796387856086  0.69614493885918782    0
 849    0.93595323275069853  0.704184958266315    0
 850    0.93565292489491503  0.73046566980142091    0
 851    0.90635537966887614  0.73165718823229309    0
 852    0.87114492994236781  0.91148377060210595    0
 853    0.84962462290955665  0.86315634186668766    0
 854    0.79798320751991902  0.90887945591155161    0
 855    0.81861407363955752  0.93468822413471875    0
 856    0.875  1    3
 857    0.8125  1    3
 858    0.76110783436969698  0.96334122346976514    0
 859    0.80639453293391949  0.96648637664769432    0
 860    0.79765826195628464  0.88351455557048275    0
 861    0.84967233300192013  0.96487040227480481    0
 862    0.78213261843077586  0.98821933436014342    0
 863    0.78410115400352431  0.959874617250146    0
 864    0.84375  1    3
 865    0.82768780663286812  0.9564220870857012    0
 866    0.828125  0.98101004733451325    0
 867    0.97394367238875323  0.74530252104839512    0
 868    0.89196734306986492  0.88610751417665601    0
 869    0.92531550180688815  0.89636567956445823    0
 870    0.95934420835087431  0.92294899029012389    0
 871    1  0.9375    2
 872    0.94820001745632609  0.90214307024562512    0
 873    0.68958930440431476  0.91583637391309491    0
 874    0.8496308165974723  0.93384214963027812    0
 875    0.98051263532815558  0.89968717875347071    0
 876    0.87327227271214281  0.94932467100014184    0
 877    0.9375  1    3
 878    0.98238255605217317  0.92265144221109474    0
 879    0.625  1    3
 880    0.72587982952619345  0.91694723277790502    0
 881    0.6875  1    3
 882    0.90510408142277354  0.92855490006606256    0
 883    0.90423296444001  0.90556800522256509    0
 884    0.96663906075652473  0.96663906075652473    0
 885    0.74778139618367812  0.94387266329740171    0
 886    0.65538343306037117  0.92800989380837662    0
 887    0.71875  1    3
 888    0.6604519121068454  0.88810801066160328    0
 889    0.6852676890688012  0.95783683858997126    0
 890    0.73007686114264869  0.97028693236707042    0
 891    0.66800841418213819  0.90934071410490991    0
 892    0.68942929895785166  0.88011416507362661    0
 893    0.67742770106569561  0.93580757973311146    0
 894    0.7070469576060544  0.93885523728347653    0
 895    0.703125  0.97803206582676905    0
 896    0.90625  1    3
 897    0.61958337398908248  0.90318959335102578    0
 898    0.65944866943181635  0.85930138417890778    0
 899    0.64245432149043957  0.81758612264070241    0
 900    0.65625  0.98051384307972078    0
 901    0.67869123928331609  0.97932570105985128    0
 902    0.61856343083907328  0.95487672630180009    0
 903    0.63174563940003403  0.97601706809496869    0
 904    0.64838017450113694  0.95438460704861017    0
 905    0.93435699274836437  0.94638837054919367    0
 906    0.92950590399533994  0.92143673387567537    0
 907    0.95724828439671528  0.9457529823586398    0
 908    0.93590527365894327  0.97319554671731268    0
 909    0.890625  0.97410016333018823    0
 910    0.90910508646372479  0.95490096097529698    0
 911    0.63609306654464115  0.88501386350383138    0
 912    0.57727347660013351  0.86952193726813853    0
 913    0.62804720095222211  0.92921023995885632    0
 914    0.58634696747864301  0.92838736848084913    0
 915    0.60583729903719419  0.87704508781410206    0
 916    0.58492037699514066  0.89847525499970726    0
 917    0.5356999851940063  0.91581278581386627    0
 918    0.55462050775460381  0.89099131942441456    0
 919    0.56240261198688446  0.91654529567175336    0
 920    0.52850803635285504  0.89070866406814819    0
 921    0.48502143326621494  0.91674916688577235    0
 922    0.49587422455906555  0.88392343663647543    0
 923    0.51023589116749546  0.90952560841516772    0
 924    0.51237223486543182  0.95558352390830958    0
 925    0.55059541536849288  0.86405873365839603    0
 926    0.44888414089233875  0.90710314760972111    0
 927    0.53125  1    3
 928    0.5625  0.75    7
 929    0.53586417014406795  0.83523694423267936    0
 930    0.49173893395370299  0.8343379028305643    0
 931    0.5857558483644183  0.81712744401826098    0
 932    0.56914973866125151  0.84132287949509332    0
 933    0.60264768172650451  0.84479011107503488    0
 934    0.55846782482327306  0.81619516388489155    0
 935    0.51893014912620061  0.79219852816626568    0
 936    0.57323199277591397  0.78387411137721152    0
 937    0.53465325528062368  0.81086273159198974    0
 938    0.51362436949670465  0.84348359919761029    0
 939    0.48879418572214395  0.85954868890769387    0
 940    0.61409331031204906  0.81881227456239158    0
 941    0.62686295124771541  0.78556576427572111    0
 942    0.54400543897248088  0.77449655524154282    0
 943    0.51960871263684794  0.76654885463137012    0
 944    0.59375  0.75    7
 945    0.59979082261984873  0.79285656732916554    0
 946    0.65625  0.7661947837526395    0
 947    0.68703221274023396  0.78734525991624416    0
 948    0.68635381197268575  0.81414125853390984    0
 949    0.47149183898753244  0.89492131398394803    0
 950    0.40625  0.98176552510045467    0
 951    0.42191387378250805  0.92852917310052885    0
 952    0.40248116545708096  0.91568980499111741    0
 953    0.45013553007479085  0.93636593547171898    0
 954    0.4375  1    3
 955    0.42853999771686352  0.95940138288388266    0
 956    0.53561415649904021  0.94248932319916545    0
 957    0.5625  1    3
 958    0.56672551654889702  0.95610623902244241    0
 959    0.53664227540407194  0.97148826511034914    0
 960    0.51377902608337311  0.97990677100943813    0
 961    0.47750451494260815  0.96980248514633183    0
 962    0.59260003615774592  0.95361793621061808    0
 963    0.55868117229090564  0.97748210408268499    0
 964    0.45371120225251182  0.96135863309832259    0
 965    0.44734026648858127  0.82912715846392082    0
 966    0.44864230462794774  0.85303841552164361    0
 967    0.70920578185489902  0.78382493292058431    0
 968    0.65939877372236744  0.79458740263876659    0
 969    0.46875  1    3
 970    0.47660854447693973  0.94261635798464927    0
 971    0.73131098886786072  0.029533031005673557    0
 972    0.72616116135235431  0.058624257880584466    0
 973    0.70859579751704382  0.015967666261973008    0
 974    0.65625  0.013820967356993844    0
 975    0.67927739923720587  0.023647732974265225    0
 976    0.98542181640085458  0.03125    0
 977    0.97132099721084664  0.066404134122226122    0
 978    0.92195297212554128  0.1391298407244061    0
 979    0.77879647190719425  0.43405716135039057    0
 980    0.80644098568356604  0.42712257489884276    0
 981    0.81377678058317837  0.4505024499124044    0
 982    1  0.71875    2
 983    1  0.96875    2
 984    0.96875  1    3
 985    0.41714128656829985  0.82388440335708646    0
 986    0.40661876189944585  0.76714316612092881    0
 987    0.45139326350669023  0.78844767927127846    0
 988    0.4375  0.75    7
 989    0.47036997675479403  0.82465722451162449    0
 990    0.4702173383928428  0.84704794775832237    0
 991    0.42450500690109189  0.79673015265063696    0
 992    0.46875  0.75    7
 993    0.484961231834388  0.79393279916196569    0
 994    0.50289681626056415  0.81169522792725812    0
 995    0.47096319936752823  0.77414070516982669    0
 996    0.66380433177802856  0.05021899104519234    0
 997    0.015295060401154423  0.65625    0
 998    0.029250265296465017  0.63804634947141636    0
 999    0.59375  0.98732208463662607    0