0  2  0  1
153  1
   1       2   595       1
   2       3   983       2
   3       4   467       3
   4       1   132       4
   5       5   282       5
   6     619     6       6
   7     808     7       7
   8     296     8       8
   9       9   207       4
  10      10   447       1
  11      11   927       3
  12      12   698       2
  13      13    59       4
  14      21    23       4
  15      20   278       1
  16      23    44       4
  17      48   167       4
  18      44    13       4
  19      54    32       4
  20      59    54       4
  21      64   190       8
  22      32    48       4
  23      72    86       4
  24      86    21       4
  25      94   516       5
  26      34   122       8
  27      99     5       8
  28     122    99       8
  29      29   127       1
  30     132    72       4
  31     127     1       1
  32     109   255       1
  33     151    20       1
  34     173     9       4
  35     177   364       4
  36     187   219       4
  37     190    34       8
  38     193   202       8
  39     207   187       4
  40     202    64       8
  41     219   177       4
  42     250   130       1
  43     255   151       1
  44     167   173       4
  45     265   269       8
  46     269   193       8
  47     130    29       1
  48     278   250       1
  49     283   472       5
  50     282   480       5
  51     296   265       8
  52     318   387       1
  53     311   392       5
  54     330   992       7
  55     339   367       7
  56     340   341       7
  57     341     8       7
  58     351   437       4
  59     314   374       3
  60     367   340       7
  61     332   436       3
  62     298   954       3
  63     374   442       3
  64     387   109       1
  65     360   395       4
  66     364   360       4
  67     395   351       4
  68     419   426       3
  69     426   314       3
  70     436   419       3
  71     334   465       4
  72     442   298       3
  73     447   318       1
  74     392    94       5
  75     437   334       4
  76     465     4       4
  77     467   468       3
  78     468   332       3
  79     472   311       5
  80     480   283       5
  81     390   567       1
  82     347   496       1
  83     487   488       1
  84     488    10       1
  85     496   487       1
  86     506   537       5
  87     516   506       5
  88     525   536       5
  89     536     6       5
  90     537   525       5
  91     559   572       1
  92     572   577       1
  93     577   390       1
  94     557   654       2
  95     581   549       1
  96     549   559       1
  97     595   581       1
  98     590   594       2
  99     594     2       2
 100     601   709       6
 101     607   633       6
 102     617   625       6
 103     619   617       6
 104     625   607       6
 105     631   601       6
 106     633   631       6
 107     636   639       2
 108     639   590       2
 109     654   636       2
 110     659   669       2
 111     661   557       2
 112     669   661       2
 113     676   683       2
 114     683   659       2
 115     698   676       2
 116     704   756       6
 117     709   704       6
 118     712   982       2
 119     713   759       2
 120     716   762       2
 121     741   776       6
 122     759   716       2
 123     762    12       2
 124     749   766       2
 125     766   713       2
 126     756   741       6
 127     776     7       6
 128     789   857       3
 129     800   944       7
 130     808   800       7
 131     821   828       2
 132     828   712       2
 133     856   896       3
 134     857   864       3
 135     864   856       3
 136     871   821       2
 137     877   984       3
 138     879   881       3
 139     881   887       3
 140     887   789       3
 141     896   877       3
 142     928   330       7
 143     944   928       7
 144     954   969       3
 145     957   879       3
 146     927   957       3
 147     969    11       3
 148     567   347       1
 149     982   749       2
 150     983   871       2
 151     984     3       3
 152     988   339       7
 153     992   988       7
1
   1   0.5  0.5