Var1	uextS100	uapxS100	eS100	uextS1000	uapxS1000	eS1000	uextS10000	uapxS10000	eS10000
0.0125	0.000147876050959894	0.000147875995385696	5.55744199574534e-11	0.000147499027107756	0.00014749896938926	5.77187180157961e-11	0.000143833065965548	0.000143833008519711	5.74460598990086e-11
0.025	0.00029547878170888	0.00029547878535976	3.65110236965824e-12	0.00029472532219188	0.000294725322353217	1.61558700445541e-13	0.000287399128938048	0.000287399129447082	5.09255777738499e-13
0.0375	0.000442541227130278	0.000442541175435498	5.16950014154034e-11	0.000441412510028272	0.000441412452375371	5.76531229983142e-11	0.000430437531930838	0.000430437475172144	5.67589167940058e-11
0.05	0.00058880336268885	0.000588803369071763	6.38313468921681e-12	0.000587301148371466	0.000587301148593409	2.22165059786394e-13	0.00057269453037101	0.00057269453136179	9.91002419015175e-13
0.0625	0.00073401209306212	0.000734012042821411	5.02409306648785e-11	0.000732138727812526	0.000732138670261408	5.75513402125555e-11	0.000713923280836859	0.000713923224726195	5.61108859029047e-11
0.075	0.000877921274877735	0.00087792127093989	3.93806732015833e-12	0.000875679669647411	0.000875679669863611	2.16422149298956e-13	0.000853883830105318	0.00085388383155012	1.44502400496738e-12
0.0875	0.00102029165418571	0.00102029160056981	5.36161241272703e-11	0.0010176853253796	0.00101768526793708	5.74427447882359e-11	0.000992343104494253	0.000992343048993679	5.55007966668297e-11
0.1	0.00116089096877658	0.00116089097632655	7.55019072436192e-12	0.00115792397565428	0.0011579239759563	3.02235016527708e-13	0.00112907489952141	0.00112907490139429	1.87310258449591e-12
0.1125	0.00129949386860062	0.00129949381551732	5.30835200015373e-11	0.00129617082890832	0.00129617077149983	5.74087062610307e-11	0.00126385986986266	0.0012638598149369	5.49259841168409e-11
0.125	0.00143588193282085	0.0014358819327054	1.15667891931182e-13	0.00143220802065969	0.00143220802092217	2.62706523201928e-13	0.00139648551961358	0.00139648552188745	2.27409562535141e-12
0.1375	0.00156984366981305	0.00156984361496205	5.48512266423246e-11	0.00156582461229959	0.00156582455484796	5.74518596758999e-11	0.00152674619285653	0.0015267461384683	5.4388451858553e-11
0.15	0.00170117454558749	0.00170117454641105	8.23783099027087e-13	0.00169681659023979	0.00169681659064743	4.07859943735156e-13	0.0016544430645351	0.00165444306718381	2.64892773514658e-12
0.1625	0.00182967693831415	0.00182967688351181	5.48025620109721e-11	0.00182498686562838	0.00182498680824185	5.73867442281439e-11	0.00177938413162382	0.00177938407773714	5.38868997167208e-11
0.175	0.00195516017811315	0.00195516017958584	1.47291553953544e-12	0.00195014527193393	0.00195014527239892	4.65210986053122e-13	0.00190138420461095	0.00190138420760819	2.99746599069506e-12
0.1875	0.00207744051294867	0.00207744046012939	5.28195005095045e-11	0.00207210856608242	0.00207210850883296	5.72496841599879e-11	0.00202026489927132	0.00202026484584862	5.34229162643673e-11
0.2	0.00219634114841938	0.00219634114732355	1.09604556333687e-12	0.0021907004258992	0.00219070042633667	4.37696320160219e-13	0.0021358546287531	0.00213585463207204	3.31916091833584e-12
0.2125	0.00231169219091498	0.00231169213537479	5.55404181847019e-11	0.00230575145039325	0.00230575139315972	5.7233750724861e-11	0.00224798859595898	0.00224798854296454	5.29946659472147e-11
0.225	0.00242333071582834	0.00242333071501022	8.18342789365989e-13	0.00241709915854926	0.00241709915899321	4.44169874491696e-13	0.00235650878623206	0.00235650878984677	3.6149282352238e-12
0.2375	0.00253110069934337	0.00253110064884448	5.04991105355901e-11	0.00252458798883026	0.00252458793161022	5.72202632498353e-11	0.00246126396034008	0.00246126390773782	5.26024783627232e-11
0.25	0.00263485309233147	0.00263485309586185	3.53060029129049e-12	0.00262806929825388	0.00262806929871938	4.65725548404183e-13	0.00256210964776438	0.00256210965164851	3.88435204140558e-12
0.2625	0.00273444574077075	0.00273444568680769	5.39632869639428e-11	0.00272740136203709	0.00272740130485097	5.71863415996243e-11	0.00265890814028369	0.00265890808803689	5.22470244151974e-11
0.275	0.0028297434482738	0.00282974344865916	3.85580022771448e-13	0.0028224493725304	0.00282244937309597	5.65793505796774e-13	0.00275152848586346	0.00275152848999188	4.1286362349735e-12
0.2875	0.00292061793061293	0.0029206178800396	5.05735557598808e-11	0.00291308543928892	0.00291308538222137	5.70677767194883e-11	0.00283984648284541	0.00283984643091909	5.19265420592663e-11
0.3	0.00300694787824796	0.00300694787567938	2.56879977358904e-12	0.00299918858779336	0.00299918858831099	5.17859193027714e-13	0.00292374467442835	0.00292374467877375	4.34561848311477e-12
0.3125	0.00308861885969236	0.00308861880185164	5.78409464421781e-11	0.00308064475916581	0.00308064470209363	5.70724045280413e-11	0.00300311234345774	0.0030031122918159	5.16420539144191e-11
0.325	0.00316552341814713	0.00316552342082493	2.67802143308349e-12	0.00315734680995661	0.00315734681050207	5.4568502494412e-13	0.003077845507514	0.00307784551205144	4.53766408128886e-12
0.3375	0.00323756101465733	0.00323756096631867	4.83388871465318e-11	0.00322919451129167	0.00322919445419761	5.70942759216264e-11	0.00314784691428915	0.00314784686289609	5.13932858943467e-11
0.35	0.00330463806221815	0.00330463806794917	5.73125097727556e-12	0.0032960945485172	0.0032960945490637	5.46713715965375e-13	0.00321302603727913	0.00321302604198318	4.70427126073036e-12
0.3625	0.00336666788030016	0.00336666782670321	5.3597170104891e-11	0.00335796052098658	0.0033579604639104	5.70764008972491e-11	0.00327329907175722	0.00327329902057623	5.11812059747485e-11
0.375	0.00342357073463972	0.00342357073937909	4.73958936333951e-12	0.00341471294127871	0.00341471294191904	6.40557485526161e-13	0.00332858893105747	0.00332858893590198	4.84473138689934e-12
0.3875	0.00347527382587032	0.00347527377407663	5.17939116075061e-11	0.00346627923548226	0.0034662791785103	5.69721882517915e-11	0.00337882524315569	0.00337882519215165	5.10042650475606e-11
0.4	0.00352171129520684	0.00352171129463497	5.72093154099784e-13	0.00351259374205881	0.00351259374275607	6.97483303752078e-13	0.00342394434753857	0.00342394435249766	4.95931681138151e-12
0.4125	0.0035628241903396	0.0035628241361373	5.42025200764296e-11	0.00355359771234021	0.00355359765539495	5.6945481750198e-11	0.0034638892923855	0.00346388924152398	5.08617397330935e-11
0.425	0.00359856052227769	0.00359856052934705	7.06958146537429e-12	0.00358923930960486	0.00358923931022767	6.2303027320576e-13	0.00349860983203643	0.00349860983708494	5.04874007184464e-12
0.4375	0.003628875231243	0.00362887517622574	5.50174784202939e-11	0.00361947360921988	0.0036194735522635	5.69566073992112e-11	0.00352806242476023	0.0035280623740052	5.07552454925841e-11
0.45	0.00365373016961712	0.00365373017436918	4.7522827686941e-12	0.00364426259856998	0.00364426259911569	5.45933957762923e-13	0.00355221023082608	0.00355221023593906	5.11320499829715e-12
0.4625	0.00367309414741612	0.00367309409253676	5.48795813480607e-11	0.00366357517620486	0.00366357511926244	5.69426424415487e-11	0.00357102311086521	0.003571023060181	5.06844349476565e-11
0.475	0.00368694289250016	0.00368694289508937	2.58943517669752e-12	0.00367738715283395	0.00367738715345868	6.24959285711046e-13	0.0035844776245324	0.00358447762968371	5.15152764196669e-12
0.4875	0.00369525907331081	0.00369525901752848	5.57825461169892e-11	0.00368568125004742	0.0036856811930952	5.69524479659966e-11	0.00359255702946992	0.00359255697882025	5.06498970369307e-11
0.5	0.00369803228750243	0.00369803229093739	3.43517922440917e-12	0.00368844710102678	0.0036884471016432	6.16639985601131e-13	0.00359525128055571	0.00359525128571933	5.16384027551831e-12
0.5125	0.00369525907331081	0.00369525901752847	5.57825582600535e-11	0.00368568125004742	0.0036856811930952	5.69524488333584e-11	0.00359255702946992	0.00359255697882022	5.0649925659868e-11
0.525	0.00368694289250016	0.00368694289508934	2.58940915584538e-12	0.00367738715283395	0.00367738715345869	6.24963188838867e-13	0.0035844776245324	0.00358447762968365	5.15147082977285e-12
0.5375	0.00367309414741612	0.00367309409253674	5.48796082362746e-11	0.00366357517620486	0.00366357511926245	5.69426337679313e-11	0.00357102311086521	0.00357102306018092	5.06845134438938e-11
0.55	0.00365373016961712	0.00365373017436915	4.75225674784197e-12	0.00364426259849893	0.00364426259911571	6.17001675445872e-13	0.00355221023082608	0.00355221023593896	5.11310568537815e-12
0.5625	0.003628875231243	0.00362887517622572	5.50175048748269e-11	0.00361947360921988	0.00361947355226351	5.6956591353019e-11	0.00352806242476023	0.00352806237400507	5.07553729947596e-11
0.575	0.00359856052227769	0.00359856052934703	7.06955457716041e-12	0.00358923930960486	0.00358923931022769	6.23050222525734e-13	0.00349860983203643	0.00349860983708479	5.0485839467318e-12
0.5875	0.0035628241903396	0.00356282413613727	5.42025460972817e-11	0.00355359771234021	0.00355359765539497	5.69454591987928e-11	0.0034638892923855	0.00346388924152381	5.08619188432924e-11
0.6	0.00352171129520684	0.00352171129463495	5.72114404462365e-13	0.00351259374205881	0.00351259374275609	6.97503253072052e-13	0.00342394434753857	0.00342394435249745	4.95910821088352e-12
0.6125	0.00347527382587032	0.00347527377407661	5.17939289547409e-11	0.00346627923548226	0.00346627917851031	5.69721691698333e-11	0.00337882524315569	0.00337882519215141	5.10045009699533e-11
0.625	0.00342357073463972	0.00342357073937908	4.73957591923257e-12	0.00341471294127871	0.00341471294191906	6.40573531718314e-13	0.00332858893105747	0.00332858893590173	4.84447247942055e-12
0.6375	0.00336666788030016	0.0033666678267032	5.35971796458701e-11	0.00335796052098658	0.00335796046391042	5.70763865857804e-11	0.00327329907175722	0.00327329902057595	5.11814887346751e-11
0.65	0.00330463806221815	0.00330463806794917	5.73124533942426e-12	0.0032960945485172	0.0032960945490637	5.46722823263623e-13	0.00321302603727958	0.00321302604198288	4.703520992827e-12
0.6625	0.00323756101465733	0.00323756096631866	4.8338889748617e-11	0.00322919451129167	0.00322919445419762	5.70942724521795e-11	0.00314784691428915	0.00314784686289577	5.13936107213175e-11
0.675	0.00316552341246279	0.00316552342082493	8.36236375284516e-12	0.00315734680995661	0.00315734681050207	5.45684591263251e-13	0.00307784550751355	0.0030778455120511	4.53776339420786e-12
0.6875	0.00308861885969236	0.00308861880185164	5.7840943406412e-11	0.00308064475916581	0.00308064470209362	5.70724071301265e-11	0.00300311234345774	0.00300311229181554	5.16424195073917e-11
0.7	0.00300694787824796	0.00300694787567938	2.56879543678035e-12	0.00299918858779336	0.00299918858831098	5.17848784686858e-13	0.00292374467442835	0.00292374467877337	4.34523641026918e-12
0.7125	0.00292061793629728	0.00292061788003961	5.62578924417911e-11	0.00291308543928892	0.00291308538222135	5.70677914646378e-11	0.00283984648284541	0.00283984643091869	5.19269388772614e-11
0.725	0.0028297434482738	0.00282974344865917	3.8558782902709e-13	0.0028224493725304	0.00282244937309595	5.65774423838539e-13	0.00275152848586346	0.00275152848999147	4.12822770759491e-12
0.7375	0.00273444574077075	0.0027344456868077	5.3963276555602e-11	0.00272740136196603	0.00272740130485094	5.71153120458578e-11	0.00265890814028369	0.00265890808803647	5.22474424835551e-11
0.75	0.00263485309233147	0.00263485309586186	3.53061200067395e-12	0.00262806929825388	0.00262806929871935	4.65693889700747e-13	0.00256210964776438	0.00256210965164808	3.8839209626218e-12
0.7625	0.00253110069934337	0.0025311006488445	5.04990957904405e-11	0.00252458798883026	0.00252458793161018	5.72203009800709e-11	0.00246126396034052	0.00246126390773738	5.26033661074621e-11
0.775	0.00242333071582834	0.00242333071501024	8.18325442131229e-13	0.00241709915854926	0.00241709915899317	4.44127807447403e-13	0.00235650878623161	0.00235650878984631	3.61491869424468e-12
0.7875	0.00231169219091498	0.0023116921353748	5.55404025721906e-11	0.00230575145039325	0.00230575139315967	5.72338018992036e-11	0.00224798859595898	0.00224798854296408	5.29951269499784e-11
0.8	0.00219634114841938	0.00219634114732357	1.09602951714471e-12	0.0021907004258992	0.00219070042633661	4.3763560483856e-13	0.0021358546287531	0.00213585463207157	3.31869557876341e-12
0.8125	0.00207744051294867	0.0020774404601294	5.28194866317167e-11	0.00207210856608242	0.00207210850883289	5.7249753115246e-11	0.00202026489927132	0.00202026484584816	5.34233829049824e-11
0.825	0.00195516017811315	0.00195516017958585	1.4729272489189e-12	0.00195014527193393	0.00195014527239885	4.65136392943655e-13	0.00190138420461095	0.00190138420760773	2.99700607213349e-12
0.8375	0.00182967693831415	0.00182967688351182	5.48025505184291e-11	0.00182498686555732	0.00182498680824177	5.73157699686883e-11	0.00177938413162382	0.00177938407773669	5.38873505279841e-11
0.85	0.00170117454558749	0.00170117454641106	8.23793073687074e-13	0.00169681659023979	0.00169681659064734	4.07774074923095e-13	0.0016544430645351	0.00165444306718337	2.64848819958585e-12
0.8625	0.00156984366981305	0.00156984361496206	5.48512194865902e-11	0.00156582461222854	0.00156582455484787	5.73808958247851e-11	0.00152674619285653	0.00152674613846788	5.43888725289959e-11
0.875	0.00143588193282085	0.00143588193270541	1.15663338282057e-13	0.00143220802065969	0.00143220802092208	2.62613932336397e-13	0.00139648551961358	0.00139648552188705	2.27369793999455e-12
0.8875	0.00129949386860062	0.00129949381551733	5.30835173994521e-11	0.00129617082890832	0.00129617077149974	5.74087973340132e-11	0.00126385986986266	0.00126385981493653	5.49263499266539e-11
0.9	0.00116089096877658	0.00116089097632656	7.55019354328756e-12	0.00115792397565428	0.00115792397595621	3.02144377226088e-13	0.00112907489952141	0.00112907490139396	1.87277211967374e-12
0.9125	0.00102029165418571	0.00102029160056981	5.36161223925469e-11	0.0010176853253796	0.00101768526793699	5.74428304402075e-11	0.000992343104494253	0.000992343048993381	5.55010946055867e-11
0.925	0.000877921269193394	0.000877921270939891	1.74671941407384e-12	0.000875679669647411	0.000875679669863534	2.16345062524492e-13	0.000853883830104429	0.000853883831549855	1.44564807173786e-12
0.9375	0.00073401209306212	0.000734012042821412	5.02409293638359e-11	0.000732138727812526	0.00073213867026134	5.75514074330902e-11	0.000713923280836859	0.000713923224725969	5.61111115253768e-11
0.95	0.00058880336268885	0.000588803369071763	6.38313533973811e-12	0.000587301148371466	0.000587301148593353	2.22108789693642e-13	0.00057269453037101	0.000572694531361604	9.90816153081941e-13
0.9625	0.000442541227130278	0.000442541175435498	5.1695001686454e-11	0.000441412510028272	0.000441412452375328	5.76531660953505e-11	0.000430437531930838	0.000430437475172001	5.67590598002723e-11
0.975	0.00029547878170888	0.000295478785359759	3.65110144808639e-12	0.00029472532219188	0.000294725322353188	1.61529643827318e-13	0.000287399128938937	0.000287399129446985	5.08270454804144e-13
0.9875	0.000147876045275552	0.000147875995385696	4.98900788574192e-11	0.000147499027107756	0.000147498969389246	5.77187322730547e-11	0.00014383306596466	0.000143833008519663	5.74452198049552e-11
